# Date of analysis: 2023-10-05 17;22
# 
# Loop index	Read Volt (V)	Write Volt (V)	Amplitude (a.u)	Phase (°)	
1		0.00		0.00		1.792e-02		-53.558
1		0.00		0.40		1.166e-02		-55.280
1		0.00		0.80		6.612e-03		-60.164
1		0.00		1.20		1.897e-03		-43.762
1		0.00		1.60		4.805e-03		127.242
1		0.00		2.00		9.887e-03		131.187
1		0.00		2.40		1.451e-02		130.352
1		0.00		2.80		1.886e-02		131.030
1		0.00		3.20		2.286e-02		128.869
1		0.00		3.60		2.638e-02		129.091
1		0.00		4.00		2.949e-02		128.370
1		0.00		4.40		3.301e-02		128.946
1		0.00		4.80		3.593e-02		126.781
1		0.00		5.20		3.951e-02		126.786
1		0.00		5.60		4.210e-02		125.834
1		0.00		6.00		4.482e-02		126.061
1		0.00		6.40		4.747e-02		126.071
1		0.00		6.80		4.940e-02		128.641
1		0.00		7.20		5.234e-02		130.490
1		0.00		7.60		5.599e-02		130.522
1		0.00		8.00		5.811e-02		130.582
1		0.00		8.40		5.761e-02		128.529
1		0.00		8.80		5.992e-02		129.755
1		0.00		9.20		5.842e-02		127.110
1		0.00		9.60		5.487e-02		124.852
1		0.00		10.00		5.127e-02		127.359
1		0.00		9.60		5.098e-02		126.308
1		0.00		9.20		5.010e-02		126.796
1		0.00		8.80		4.778e-02		130.279
1		0.00		8.40		4.411e-02		129.381
1		0.00		8.00		4.088e-02		128.215
1		0.00		7.60		3.926e-02		127.581
1		0.00		7.20		3.767e-02		127.577
1		0.00		6.80		3.413e-02		128.418
1		0.00		6.40		3.052e-02		126.416
1		0.00		6.00		2.765e-02		125.486
1		0.00		5.60		2.468e-02		123.082
1		0.00		5.20		2.144e-02		124.010
1		0.00		4.80		1.908e-02		125.223
1		0.00		4.40		1.569e-02		125.460
1		0.00		4.00		1.182e-02		128.296
1		0.00		3.60		7.819e-03		127.239
1		0.00		3.20		4.076e-03		116.068
1		0.00		2.80		2.331e-03		-38.678
1		0.00		2.40		5.880e-03		-52.430
1		0.00		2.00		1.081e-02		-53.000
1		0.00		1.60		1.570e-02		-51.171
1		0.00		1.20		2.117e-02		-51.974
1		0.00		0.80		2.602e-02		-51.413
1		0.00		0.40		3.048e-02		-52.431
1		0.00		0.00		3.411e-02		-50.703
1		0.00		-0.40		3.793e-02		-52.068
1		0.00		-0.80		4.177e-02		-52.233
1		0.00		-1.20		4.452e-02		-52.245
1		0.00		-1.60		4.637e-02		-52.766
1		0.00		-2.00		4.840e-02		-52.433
1		0.00		-2.40		5.078e-02		-54.700
1		0.00		-2.80		5.345e-02		-53.418
1		0.00		-3.20		5.412e-02		-53.162
1		0.00		-3.60		5.459e-02		-54.731
1		0.00		-4.00		5.347e-02		-55.184
1		0.00		-4.40		5.231e-02		-55.598
1		0.00		-4.80		5.150e-02		-52.868
1		0.00		-5.20		5.259e-02		-50.317
1		0.00		-5.60		5.264e-02		-48.033
1		0.00		-6.00		5.356e-02		-48.786
1		0.00		-6.40		5.387e-02		-49.513
1		0.00		-6.80		5.529e-02		-48.792
1		0.00		-7.20		5.563e-02		-49.838
1		0.00		-7.60		5.734e-02		-50.111
1		0.00		-8.00		5.516e-02		-51.108
1		0.00		-8.40		5.265e-02		-50.563
1		0.00		-8.80		5.028e-02		-48.939
1		0.00		-9.20		4.758e-02		-46.009
1		0.00		-9.60		4.264e-02		-48.768
1		0.00		-10.00		3.656e-02		-45.202
1		0.00		-9.60		4.080e-02		-38.372
1		0.00		-9.20		4.588e-02		-38.194
1		0.00		-8.80		4.915e-02		-45.346
1		0.00		-8.40		5.220e-02		-47.798
1		0.00		-8.00		5.219e-02		-47.691
1		0.00		-7.60		5.044e-02		-47.680
1		0.00		-7.20		4.850e-02		-49.113
1		0.00		-6.80		4.576e-02		-49.325
1		0.00		-6.40		4.298e-02		-48.339
1		0.00		-6.00		4.069e-02		-49.193
1		0.00		-5.60		3.800e-02		-48.265
1		0.00		-5.20		3.471e-02		-49.376
1		0.00		-4.80		3.164e-02		-50.610
1		0.00		-4.40		2.818e-02		-52.033
1		0.00		-4.00		2.526e-02		-51.150
1		0.00		-3.60		2.194e-02		-52.038
1		0.00		-3.20		1.867e-02		-51.076
1		0.00		-2.80		1.555e-02		-51.051
1		0.00		-2.40		1.168e-02		-47.546
1		0.00		-2.00		7.798e-03		-48.063
1		0.00		-1.60		4.016e-03		-37.737
1		0.00		-1.20		1.894e-03		25.026
1		0.00		-0.80		4.714e-03		114.537
1		0.00		-0.40		9.183e-03		122.195
2		0.00		0.00		1.332e-02		126.714
2		0.00		0.40		1.769e-02		129.156
2		0.00		0.80		2.182e-02		128.932
2		0.00		1.20		2.646e-02		128.500
2		0.00		1.60		3.019e-02		129.032
2		0.00		2.00		3.363e-02		130.749
2		0.00		2.40		3.716e-02		129.884
2		0.00		2.80		3.933e-02		128.714
2		0.00		3.20		4.247e-02		131.610
2		0.00		3.60		4.373e-02		129.451
2		0.00		4.00		4.533e-02		128.445
2		0.00		4.40		4.877e-02		128.014
2		0.00		4.80		4.981e-02		128.359
2		0.00		5.20		5.218e-02		131.742
2		0.00		5.60		5.479e-02		130.981
2		0.00		6.00		5.569e-02		130.216
2		0.00		6.40		5.704e-02		131.570
2		0.00		6.80		5.723e-02		130.533
2		0.00		7.20		5.769e-02		132.857
2		0.00		7.60		5.778e-02		122.475
2		0.00		8.00		6.048e-02		128.866
2		0.00		8.40		5.990e-02		129.023
2		0.00		8.80		6.057e-02		129.009
2		0.00		9.20		6.319e-02		131.982
2		0.00		9.60		5.955e-02		131.368
2		0.00		10.00		5.534e-02		127.316
2		0.00		9.60		5.452e-02		126.911
2		0.00		9.20		5.361e-02		127.331
2		0.00		8.80		5.237e-02		126.531
2		0.00		8.40		4.960e-02		128.045
2		0.00		8.00		4.640e-02		129.874
2		0.00		7.60		4.427e-02		130.519
2		0.00		7.20		4.102e-02		130.527
2		0.00		6.80		3.837e-02		130.324
2		0.00		6.40		3.561e-02		130.521
2		0.00		6.00		3.227e-02		130.004
2		0.00		5.60		2.863e-02		130.458
2		0.00		5.20		2.514e-02		128.460
2		0.00		4.80		2.113e-02		128.790
2		0.00		4.40		1.709e-02		130.430
2		0.00		4.00		1.285e-02		131.413
2		0.00		3.60		7.792e-03		129.953
2		0.00		3.20		3.218e-03		108.518
2		0.00		2.80		2.833e-03		-35.765
2		0.00		2.40		7.679e-03		-50.763
2		0.00		2.00		1.267e-02		-46.713
2		0.00		1.60		1.722e-02		-50.897
2		0.00		1.20		2.243e-02		-51.302
2		0.00		0.80		2.731e-02		-50.278
2		0.00		0.40		3.122e-02		-48.942
2		0.00		0.00		3.523e-02		-50.795
2		0.00		-0.40		3.985e-02		-49.788
2		0.00		-0.80		4.385e-02		-50.668
2		0.00		-1.20		4.814e-02		-51.750
2		0.00		-1.60		5.124e-02		-52.626
2		0.00		-2.00		5.365e-02		-52.919
2		0.00		-2.40		5.538e-02		-53.874
2		0.00		-2.80		5.766e-02		-53.901
2		0.00		-3.20		5.798e-02		-53.274
2		0.00		-3.60		5.781e-02		-51.908
2		0.00		-4.00		5.650e-02		-52.405
2		0.00		-4.40		5.712e-02		-53.254
2		0.00		-4.80		5.655e-02		-53.192
2		0.00		-5.20		5.578e-02		-51.362
2		0.00		-5.60		5.469e-02		-50.558
2		0.00		-6.00		5.565e-02		-51.236
2		0.00		-6.40		5.553e-02		-49.444
2		0.00		-6.80		5.565e-02		-47.891
2		0.00		-7.20		5.559e-02		-47.705
2		0.00		-7.60		5.790e-02		-47.948
2		0.00		-8.00		5.832e-02		-48.065
2		0.00		-8.40		5.569e-02		-46.483
2		0.00		-8.80		5.255e-02		-48.042
2		0.00		-9.20		4.927e-02		-49.408
2		0.00		-9.60		4.381e-02		-43.509
2		0.00		-10.00		3.817e-02		-42.287
2		0.00		-9.60		4.353e-02		-43.148
2		0.00		-9.20		4.787e-02		-40.650
2		0.00		-8.80		4.968e-02		-44.072
2		0.00		-8.40		5.252e-02		-41.887
2		0.00		-8.00		5.366e-02		-44.352
2		0.00		-7.60		5.182e-02		-47.090
2		0.00		-7.20		5.026e-02		-46.288
2		0.00		-6.80		4.816e-02		-46.567
2		0.00		-6.40		4.601e-02		-48.788
2		0.00		-6.00		4.312e-02		-47.972
2		0.00		-5.60		3.991e-02		-48.766
2		0.00		-5.20		3.659e-02		-48.710
2		0.00		-4.80		3.363e-02		-50.823
2		0.00		-4.40		2.964e-02		-51.228
2		0.00		-4.00		2.580e-02		-51.349
2		0.00		-3.60		2.226e-02		-50.042
2		0.00		-3.20		1.891e-02		-50.214
2		0.00		-2.80		1.574e-02		-51.330
2		0.00		-2.40		1.180e-02		-49.739
2		0.00		-2.00		7.905e-03		-50.634
2		0.00		-1.60		3.890e-03		-52.509
2		0.00		-1.20		2.109e-03		34.514
2		0.00		-0.80		4.729e-03		118.347
2		0.00		-0.40		8.786e-03		126.535
3		0.00		0.00		1.325e-02		129.148
3		0.00		0.40		1.713e-02		130.180
3		0.00		0.80		2.144e-02		129.338
3		0.00		1.20		2.481e-02		130.296
3		0.00		1.60		2.833e-02		131.137
3		0.00		2.00		3.167e-02		131.567
3		0.00		2.40		3.491e-02		131.626
3		0.00		2.80		3.771e-02		129.786
3		0.00		3.20		4.053e-02		129.761
3		0.00		3.60		4.242e-02		129.615
3		0.00		4.00		4.523e-02		129.603
3		0.00		4.40		4.759e-02		128.576
3		0.00		4.80		4.920e-02		129.110
3		0.00		5.20		5.122e-02		129.941
3		0.00		5.60		5.338e-02		129.102
3		0.00		6.00		5.457e-02		130.222
3		0.00		6.40		5.467e-02		130.841
3		0.00		6.80		5.711e-02		130.017
3		0.00		7.20		5.985e-02		130.966
3		0.00		7.60		6.116e-02		133.171
3		0.00		8.00		6.229e-02		133.172
3		0.00		8.40		6.305e-02		134.164
3		0.00		8.80		6.405e-02		128.831
3		0.00		9.20		6.279e-02		129.636
3		0.00		9.60		6.101e-02		122.523
3		0.00		10.00		5.732e-02		128.083
3		0.00		9.60		5.550e-02		126.570
3		0.00		9.20		5.549e-02		126.981
3		0.00		8.80		5.216e-02		126.890
3		0.00		8.40		4.924e-02		128.611
3		0.00		8.00		4.587e-02		129.503
3		0.00		7.60		4.384e-02		129.209
3		0.00		7.20		4.086e-02		130.626
3		0.00		6.80		3.815e-02		130.655
3		0.00		6.40		3.512e-02		129.991
3		0.00		6.00		3.115e-02		129.638
3		0.00		5.60		2.859e-02		131.417
3		0.00		5.20		2.491e-02		132.480
3		0.00		4.80		2.111e-02		132.727
3		0.00		4.40		1.706e-02		132.677
3		0.00		4.00		1.272e-02		129.631
3		0.00		3.60		8.333e-03		127.558
3		0.00		3.20		3.655e-03		119.710
3		0.00		2.80		2.367e-03		-30.370
3		0.00		2.40		6.267e-03		-53.193
3		0.00		2.00		1.143e-02		-51.877
3		0.00		1.60		1.609e-02		-49.704
3		0.00		1.20		2.083e-02		-51.842
3		0.00		0.80		2.538e-02		-49.613
3		0.00		0.40		3.013e-02		-50.375
3		0.00		0.00		3.496e-02		-51.083
3		0.00		-0.40		3.980e-02		-50.937
3		0.00		-0.80		4.325e-02		-51.418
3		0.00		-1.20		4.784e-02		-51.523
3		0.00		-1.60		5.161e-02		-52.096
3		0.00		-2.00		5.444e-02		-52.308
3		0.00		-2.40		5.587e-02		-53.223
3		0.00		-2.80		5.693e-02		-54.469
3		0.00		-3.20		5.556e-02		-54.464
3		0.00		-3.60		5.649e-02		-54.257
3		0.00		-4.00		5.703e-02		-52.940
3		0.00		-4.40		5.625e-02		-52.096
3		0.00		-4.80		5.561e-02		-52.543
3		0.00		-5.20		5.497e-02		-50.119
3		0.00		-5.60		5.478e-02		-48.940
3		0.00		-6.00		5.443e-02		-46.997
3		0.00		-6.40		5.533e-02		-44.087
3		0.00		-6.80		5.496e-02		-48.415
3		0.00		-7.20		5.539e-02		-47.555
3		0.00		-7.60		5.504e-02		-47.664
3		0.00		-8.00		5.565e-02		-47.122
3		0.00		-8.40		5.367e-02		-46.288
3		0.00		-8.80		5.056e-02		-45.992
3		0.00		-9.20		4.714e-02		-45.744
3		0.00		-9.60		4.185e-02		-46.776
3		0.00		-10.00		3.638e-02		-45.711
3		0.00		-9.60		4.104e-02		-45.388
3		0.00		-9.20		4.558e-02		-44.066
3		0.00		-8.80		4.833e-02		-46.125
3		0.00		-8.40		5.010e-02		-45.738
3		0.00		-8.00		4.935e-02		-46.910
3		0.00		-7.60		4.940e-02		-47.178
3		0.00		-7.20		4.728e-02		-45.436
3		0.00		-6.80		4.458e-02		-45.627
3		0.00		-6.40		4.264e-02		-46.328
3		0.00		-6.00		4.057e-02		-47.508
3		0.00		-5.60		3.733e-02		-47.881
3		0.00		-5.20		3.436e-02		-48.628
3		0.00		-4.80		3.165e-02		-50.558
3		0.00		-4.40		2.805e-02		-51.397
3		0.00		-4.00		2.456e-02		-50.278
3		0.00		-3.60		2.165e-02		-50.893
3		0.00		-3.20		1.816e-02		-50.809
3		0.00		-2.80		1.456e-02		-49.252
3		0.00		-2.40		1.108e-02		-47.728
3		0.00		-2.00		7.149e-03		-41.630
3		0.00		-1.60		3.432e-03		-48.860
3		0.00		-1.20		1.989e-03		33.776
3		0.00		-0.80		4.773e-03		113.817
3		0.00		-0.40		8.702e-03		125.901
4		0.00		0.00		1.315e-02		130.126
4		0.00		0.40		1.746e-02		130.261
4		0.00		0.80		2.045e-02		130.570
4		0.00		1.20		2.439e-02		129.267
4		0.00		1.60		2.839e-02		130.948
4		0.00		2.00		3.124e-02		131.357
4		0.00		2.40		3.426e-02		130.866
4		0.00		2.80		3.678e-02		128.886
4		0.00		3.20		3.958e-02		127.821
4		0.00		3.60		4.132e-02		130.242
4		0.00		4.00		4.462e-02		131.455
4		0.00		4.40		4.694e-02		130.969
4		0.00		4.80		4.954e-02		131.996
4		0.00		5.20		5.083e-02		130.907
4		0.00		5.60		5.181e-02		129.229
4		0.00		6.00		5.107e-02		129.321
4		0.00		6.40		5.408e-02		129.173
4		0.00		6.80		5.609e-02		130.476
4		0.00		7.20		5.806e-02		128.525
4		0.00		7.60		6.064e-02		129.827
4		0.00		8.00		6.164e-02		130.916
4		0.00		8.40		6.112e-02		132.890
4		0.00		8.80		6.286e-02		130.646
4		0.00		9.20		6.065e-02		124.963
4		0.00		9.60		5.848e-02		123.828
4		0.00		10.00		5.778e-02		129.084
4		0.00		9.60		5.610e-02		126.823
4		0.00		9.20		5.515e-02		125.811
4		0.00		8.80		5.286e-02		128.104
4		0.00		8.40		5.030e-02		131.956
4		0.00		8.00		4.797e-02		131.658
4		0.00		7.60		4.515e-02		131.286
4		0.00		7.20		4.174e-02		130.912
4		0.00		6.80		3.834e-02		131.927
4		0.00		6.40		3.539e-02		131.002
4		0.00		6.00		3.178e-02		130.295
4		0.00		5.60		2.892e-02		128.163
4		0.00		5.20		2.574e-02		132.247
4		0.00		4.80		2.266e-02		133.684
4		0.00		4.40		1.878e-02		132.277
4		0.00		4.00		1.411e-02		132.049
4		0.00		3.60		9.687e-03		133.672
4		0.00		3.20		4.860e-03		131.204
4		0.00		2.80		2.006e-03		-21.094
4		0.00		2.40		5.543e-03		-47.602
4		0.00		2.00		9.935e-03		-50.477
4		0.00		1.60		1.497e-02		-53.266
4		0.00		1.20		2.030e-02		-52.055
4		0.00		0.80		2.503e-02		-51.654
4		0.00		0.40		2.965e-02		-52.114
4		0.00		0.00		3.381e-02		-50.433
4		0.00		-0.40		3.740e-02		-50.868
4		0.00		-0.80		4.069e-02		-51.414
4		0.00		-1.20		4.375e-02		-52.356
4		0.00		-1.60		4.716e-02		-50.654
4		0.00		-2.00		5.091e-02		-51.415
4		0.00		-2.40		5.312e-02		-52.173
4		0.00		-2.80		5.519e-02		-53.128
4		0.00		-3.20		5.626e-02		-54.633
4		0.00		-3.60		5.380e-02		-53.718
4		0.00		-4.00		5.614e-02		-51.200
4		0.00		-4.40		5.609e-02		-51.556
4		0.00		-4.80		5.529e-02		-50.552
4		0.00		-5.20		5.654e-02		-49.348
4		0.00		-5.60		5.657e-02		-49.007
4		0.00		-6.00		5.687e-02		-48.368
4		0.00		-6.40		5.768e-02		-47.733
4		0.00		-6.80		5.704e-02		-47.711
4		0.00		-7.20		5.843e-02		-47.699
4		0.00		-7.60		5.540e-02		-49.350
4		0.00		-8.00		5.485e-02		-47.228
4		0.00		-8.40		5.395e-02		-47.228
4		0.00		-8.80		5.126e-02		-46.324
4		0.00		-9.20		4.839e-02		-43.434
4		0.00		-9.60		4.489e-02		-34.739
4		0.00		-10.00		3.855e-02		-39.018
4		0.00		-9.60		4.364e-02		-44.290
4		0.00		-9.20		4.921e-02		-44.382
4		0.00		-8.80		5.130e-02		-44.578
4		0.00		-8.40		5.374e-02		-46.965
4		0.00		-8.00		5.370e-02		-47.597
4		0.00		-7.60		5.097e-02		-47.730
4		0.00		-7.20		4.983e-02		-46.194
4		0.00		-6.80		4.690e-02		-47.112
4		0.00		-6.40		4.415e-02		-46.811
4		0.00		-6.00		4.117e-02		-47.040
4		0.00		-5.60		3.921e-02		-49.209
4		0.00		-5.20		3.659e-02		-47.924
4		0.00		-4.80		3.290e-02		-49.381
4		0.00		-4.40		2.926e-02		-49.098
4		0.00		-4.00		2.631e-02		-51.448
4		0.00		-3.60		2.276e-02		-50.497
4		0.00		-3.20		1.884e-02		-49.548
4		0.00		-2.80		1.533e-02		-46.802
4		0.00		-2.40		1.208e-02		-49.140
4		0.00		-2.00		8.131e-03		-46.639
4		0.00		-1.60		4.029e-03		-42.968
4		0.00		-1.20		1.786e-03		16.834
4		0.00		-0.80		4.196e-03		111.301
4		0.00		-0.40		8.265e-03		121.416
5		0.00		0.00		1.257e-02		127.309
5		0.00		0.40		1.624e-02		127.076
5		0.00		0.80		2.064e-02		129.855
5		0.00		1.20		2.408e-02		132.254
5		0.00		1.60		2.786e-02		130.947
5		0.00		2.00		3.181e-02		131.151
5		0.00		2.40		3.562e-02		131.399
5		0.00		2.80		3.931e-02		130.961
5		0.00		3.20		4.179e-02		132.032
5		0.00		3.60		4.323e-02		131.062
5		0.00		4.00		4.590e-02		130.943
5		0.00		4.40		4.779e-02		131.572
5		0.00		4.80		4.884e-02		131.293
5		0.00		5.20		5.155e-02		130.842
5		0.00		5.60		5.233e-02		131.027
5		0.00		6.00		5.419e-02		131.368
5		0.00		6.40		5.636e-02		130.352
5		0.00		6.80		5.689e-02		130.116
5		0.00		7.20		5.980e-02		130.348
5		0.00		7.60		6.109e-02		130.122
5		0.00		8.00		6.126e-02		131.374
5		0.00		8.40		6.236e-02		132.747
5		0.00		8.80		6.352e-02		128.062
5		0.00		9.20		6.557e-02		130.576
5		0.00		9.60		6.251e-02		129.237
5		0.00		10.00		6.026e-02		131.080
5		0.00		9.60		6.024e-02		129.708
5		0.00		9.20		5.876e-02		129.994
5		0.00		8.80		5.577e-02		131.045
5		0.00		8.40		5.272e-02		132.436
5		0.00		8.00		4.927e-02		131.503
5		0.00		7.60		4.580e-02		131.063
5		0.00		7.20		4.355e-02		131.142
5		0.00		6.80		4.099e-02		131.430
5		0.00		6.40		3.727e-02		130.868
5		0.00		6.00		3.471e-02		132.025
5		0.00		5.60		3.001e-02		131.363
5		0.00		5.20		2.715e-02		131.986
5		0.00		4.80		2.331e-02		131.529
5		0.00		4.40		1.937e-02		134.396
5		0.00		4.00		1.506e-02		134.518
5		0.00		3.60		1.017e-02		133.940
5		0.00		3.20		5.558e-03		133.001
5		0.00		2.80		2.080e-03		-2.709
5		0.00		2.40		5.177e-03		-54.240
5		0.00		2.00		9.538e-03		-51.855
5		0.00		1.60		1.427e-02		-49.343
5		0.00		1.20		1.894e-02		-50.208
5		0.00		0.80		2.331e-02		-49.949
5		0.00		0.40		2.797e-02		-50.668
5		0.00		0.00		3.260e-02		-50.273
5		0.00		-0.40		3.728e-02		-51.073
5		0.00		-0.80		4.094e-02		-51.264
5		0.00		-1.20		4.469e-02		-51.241
5		0.00		-1.60		4.801e-02		-52.028
5		0.00		-2.00		5.109e-02		-50.673
5		0.00		-2.40		5.419e-02		-52.068
5		0.00		-2.80		5.684e-02		-51.199
5		0.00		-3.20		5.777e-02		-52.873
5		0.00		-3.60		5.818e-02		-51.708
5		0.00		-4.00		5.902e-02		-53.346
5		0.00		-4.40		5.925e-02		-52.540
5		0.00		-4.80		5.717e-02		-50.914
5		0.00		-5.20		5.705e-02		-50.656
5		0.00		-5.60		5.740e-02		-51.430
5		0.00		-6.00		5.658e-02		-49.829
5		0.00		-6.40		5.600e-02		-48.941
5		0.00		-6.80		5.579e-02		-47.969
5		0.00		-7.20		5.556e-02		-48.022
5		0.00		-7.60		5.606e-02		-49.000
5		0.00		-8.00		5.510e-02		-47.853
5		0.00		-8.40		5.412e-02		-47.707
5		0.00		-8.80		5.115e-02		-45.096
5		0.00		-9.20		4.808e-02		-45.864
5		0.00		-9.60		4.329e-02		-48.904
5		0.00		-10.00		3.822e-02		-34.628
5		0.00		-9.60		4.318e-02		-37.401
5		0.00		-9.20		4.834e-02		-36.913
5		0.00		-8.80		5.121e-02		-41.426
5		0.00		-8.40		5.352e-02		-42.712
5		0.00		-8.00		5.365e-02		-46.903
5		0.00		-7.60		5.178e-02		-46.807
5		0.00		-7.20		5.020e-02		-46.375
5		0.00		-6.80		4.779e-02		-46.798
5		0.00		-6.40		4.508e-02		-47.334
5		0.00		-6.00		4.295e-02		-47.277
5		0.00		-5.60		3.971e-02		-47.333
5		0.00		-5.20		3.661e-02		-47.879
5		0.00		-4.80		3.343e-02		-48.948
5		0.00		-4.40		2.929e-02		-48.791
5		0.00		-4.00		2.649e-02		-50.772
5		0.00		-3.60		2.272e-02		-49.828
5		0.00		-3.20		1.988e-02		-48.679
5		0.00		-2.80		1.585e-02		-45.342
5		0.00		-2.40		1.203e-02		-45.577
5		0.00		-2.00		7.890e-03		-41.158
5		0.00		-1.60		4.142e-03		-45.677
5		0.00		-1.20		2.008e-03		28.424
5		0.00		-0.80		4.587e-03		123.547
5		0.00		-0.40		8.421e-03		122.292
6		0.00		0.00		1.249e-02		129.331
6		0.00		0.40		1.631e-02		128.173
6		0.00		0.80		2.034e-02		129.921
6		0.00		1.20		2.418e-02		129.764
6		0.00		1.60		2.791e-02		129.945
6		0.00		2.00		3.138e-02		130.053
6		0.00		2.40		3.483e-02		128.801
6		0.00		2.80		3.773e-02		127.796
6		0.00		3.20		3.993e-02		129.613
6		0.00		3.60		4.251e-02		131.077
6		0.00		4.00		4.468e-02		132.290
6		0.00		4.40		4.739e-02		132.102
6		0.00		4.80		4.953e-02		131.642
6		0.00		5.20		5.121e-02		131.556
6		0.00		5.60		5.359e-02		131.440
6		0.00		6.00		5.418e-02		132.810
6		0.00		6.40		5.701e-02		130.022
6		0.00		6.80		5.683e-02		130.366
6		0.00		7.20		5.936e-02		130.951
6		0.00		7.60		5.977e-02		128.705
6		0.00		8.00		5.971e-02		130.017
6		0.00		8.40		6.208e-02		129.715
6		0.00		8.80		6.251e-02		131.220
6		0.00		9.20		6.406e-02		130.188
6		0.00		9.60		6.311e-02		129.026
6		0.00		10.00		5.921e-02		128.835
6		0.00		9.60		5.843e-02		124.860
6		0.00		9.20		5.834e-02		126.801
6		0.00		8.80		5.651e-02		126.453
6		0.00		8.40		5.429e-02		127.826
6		0.00		8.00		5.171e-02		128.760
6		0.00		7.60		4.862e-02		132.581
6		0.00		7.20		4.529e-02		131.907
6		0.00		6.80		4.361e-02		132.402
6		0.00		6.40		4.021e-02		132.697
6		0.00		6.00		3.689e-02		131.572
6		0.00		5.60		3.360e-02		132.782
6		0.00		5.20		2.997e-02		133.126
6		0.00		4.80		2.596e-02		133.037
6		0.00		4.40		2.134e-02		133.992
6		0.00		4.00		1.682e-02		133.793
6		0.00		3.60		1.201e-02		134.768
6		0.00		3.20		7.250e-03		136.359
6		0.00		2.80		2.753e-03		69.569
6		0.00		2.40		3.601e-03		-44.842
6		0.00		2.00		7.897e-03		-49.955
6		0.00		1.60		1.263e-02		-49.535
6		0.00		1.20		1.708e-02		-53.873
6		0.00		0.80		2.170e-02		-52.121
6		0.00		0.40		2.624e-02		-52.399
6		0.00		0.00		3.085e-02		-51.287
6		0.00		-0.40		3.511e-02		-51.215
6		0.00		-0.80		3.928e-02		-51.631
6		0.00		-1.20		4.244e-02		-52.065
6		0.00		-1.60		4.553e-02		-52.639
6		0.00		-2.00		4.765e-02		-53.278
6		0.00		-2.40		5.027e-02		-52.667
6		0.00		-2.80		5.086e-02		-51.570
6		0.00		-3.20		5.239e-02		-51.602
6		0.00		-3.60		5.289e-02		-51.908
6		0.00		-4.00		5.409e-02		-52.541
6		0.00		-4.40		5.506e-02		-52.692
6		0.00		-4.80		5.525e-02		-51.219
6		0.00		-5.20		5.622e-02		-48.452
6		0.00		-5.60		5.628e-02		-50.060
6		0.00		-6.00		5.660e-02		-48.374
6		0.00		-6.40		5.599e-02		-47.806
6		0.00		-6.80		5.571e-02		-45.921
6		0.00		-7.20		5.754e-02		-47.443
6		0.00		-7.60		5.605e-02		-46.074
6		0.00		-8.00		5.594e-02		-46.779
6		0.00		-8.40		5.442e-02		-47.197
6		0.00		-8.80		5.059e-02		-44.823
6		0.00		-9.20		4.836e-02		-42.753
6		0.00		-9.60		4.429e-02		-44.329
6		0.00		-10.00		3.821e-02		-46.242
6		0.00		-9.60		4.351e-02		-47.403
6		0.00		-9.20		4.842e-02		-43.540
6		0.00		-8.80		5.090e-02		-44.950
6		0.00		-8.40		5.270e-02		-43.151
6		0.00		-8.00		5.300e-02		-46.833
6		0.00		-7.60		5.261e-02		-46.303
6		0.00		-7.20		5.121e-02		-45.708
6		0.00		-6.80		4.855e-02		-46.228
6		0.00		-6.40		4.619e-02		-46.588
6		0.00		-6.00		4.317e-02		-48.086
6		0.00		-5.60		4.054e-02		-47.495
6		0.00		-5.20		3.706e-02		-49.043
6		0.00		-4.80		3.305e-02		-50.191
6		0.00		-4.40		2.985e-02		-49.979
6		0.00		-4.00		2.621e-02		-49.621
6		0.00		-3.60		2.277e-02		-47.408
6		0.00		-3.20		1.914e-02		-47.264
6		0.00		-2.80		1.558e-02		-49.113
6		0.00		-2.40		1.220e-02		-48.478
6		0.00		-2.00		8.501e-03		-43.113
6		0.00		-1.60		4.905e-03		-39.306
6		0.00		-1.20		1.974e-03		-4.762
6		0.00		-0.80		3.832e-03		108.121
6		0.00		-0.40		7.582e-03		122.434
7		0.00		0.00		1.198e-02		127.554
7		0.00		0.40		1.595e-02		127.795
7		0.00		0.80		1.990e-02		130.556
7		0.00		1.20		2.379e-02		131.680
7		0.00		1.60		2.718e-02		131.402
7		0.00		2.00		3.133e-02		131.538
7		0.00		2.40		3.456e-02		130.369
7		0.00		2.80		3.764e-02		130.554
7		0.00		3.20		4.059e-02		131.145
7		0.00		3.60		4.209e-02		130.471
7		0.00		4.00		4.503e-02		132.460
7		0.00		4.40		4.689e-02		131.116
7		0.00		4.80		4.744e-02		130.985
7		0.00		5.20		4.960e-02		131.606
7		0.00		5.60		5.132e-02		132.594
7		0.00		6.00		5.230e-02		130.479
7		0.00		6.40		5.434e-02		131.966
7		0.00		6.80		5.718e-02		129.791
7		0.00		7.20		5.880e-02		128.526
7		0.00		7.60		5.969e-02		129.151
7		0.00		8.00		6.060e-02		130.375
7		0.00		8.40		6.166e-02		130.822
7		0.00		8.80		6.263e-02		129.524
7		0.00		9.20		6.293e-02		127.634
7		0.00		9.60		6.309e-02		126.575
7		0.00		10.00		5.996e-02		129.331
7		0.00		9.60		5.945e-02		125.267
7		0.00		9.20		5.806e-02		129.188
7		0.00		8.80		5.574e-02		130.982
7		0.00		8.40		5.279e-02		131.656
7		0.00		8.00		5.061e-02		131.827
7		0.00		7.60		4.845e-02		132.453
7		0.00		7.20		4.511e-02		132.252
7		0.00		6.80		4.220e-02		131.954
7		0.00		6.40		3.983e-02		132.427
7		0.00		6.00		3.619e-02		133.323
7		0.00		5.60		3.307e-02		133.352
7		0.00		5.20		2.969e-02		132.769
7		0.00		4.80		2.531e-02		132.212
7		0.00		4.40		2.137e-02		133.664
7		0.00		4.00		1.660e-02		137.083
7		0.00		3.60		1.227e-02		135.425
7		0.00		3.20		7.063e-03		137.492
7		0.00		2.80		2.690e-03		47.935
7		0.00		2.40		3.501e-03		-52.575
7		0.00		2.00		8.297e-03		-54.846
7		0.00		1.60		1.337e-02		-54.257
7		0.00		1.20		1.784e-02		-50.778
7		0.00		0.80		2.251e-02		-51.286
7		0.00		0.40		2.680e-02		-52.323
7		0.00		0.00		3.181e-02		-50.706
7		0.00		-0.40		3.629e-02		-49.978
7		0.00		-0.80		3.986e-02		-50.966
7		0.00		-1.20		4.314e-02		-51.617
7		0.00		-1.60		4.673e-02		-50.887
7		0.00		-2.00		5.091e-02		-52.144
7		0.00		-2.40		5.279e-02		-52.203
7		0.00		-2.80		5.383e-02		-51.131
7		0.00		-3.20		5.475e-02		-51.520
7		0.00		-3.60		5.534e-02		-52.802
7		0.00		-4.00		5.545e-02		-51.489
7		0.00		-4.40		5.586e-02		-51.530
7		0.00		-4.80		5.634e-02		-50.428
7		0.00		-5.20		5.540e-02		-49.261
7		0.00		-5.60		5.562e-02		-49.432
7		0.00		-6.00		5.482e-02		-48.868
7		0.00		-6.40		5.492e-02		-48.207
7		0.00		-6.80		5.465e-02		-47.754
7		0.00		-7.20		5.620e-02		-47.824
7		0.00		-7.60		5.578e-02		-48.040
7		0.00		-8.00		5.496e-02		-48.351
7		0.00		-8.40		5.401e-02		-46.463
7		0.00		-8.80		5.112e-02		-45.429
7		0.00		-9.20		4.857e-02		-43.782
7		0.00		-9.60		4.493e-02		-44.863
7		0.00		-10.00		3.898e-02		-43.080
7		0.00		-9.60		4.521e-02		-45.258
7		0.00		-9.20		4.846e-02		-43.080
7		0.00		-8.80		5.183e-02		-43.674
7		0.00		-8.40		5.239e-02		-45.352
7		0.00		-8.00		5.213e-02		-46.022
7		0.00		-7.60		5.122e-02		-45.912
7		0.00		-7.20		4.961e-02		-45.451
7		0.00		-6.80		4.660e-02		-45.787
7		0.00		-6.40		4.427e-02		-46.305
7		0.00		-6.00		4.165e-02		-46.074
7		0.00		-5.60		3.876e-02		-46.319
7		0.00		-5.20		3.647e-02		-46.318
7		0.00		-4.80		3.245e-02		-47.163
7		0.00		-4.40		2.912e-02		-47.953
7		0.00		-4.00		2.602e-02		-48.486
7		0.00		-3.60		2.300e-02		-49.248
7		0.00		-3.20		2.006e-02		-48.531
7		0.00		-2.80		1.622e-02		-46.624
7		0.00		-2.40		1.226e-02		-45.182
7		0.00		-2.00		8.448e-03		-44.473
7		0.00		-1.60		4.490e-03		-36.682
7		0.00		-1.20		2.030e-03		-3.933
7		0.00		-0.80		4.356e-03		105.483
7		0.00		-0.40		8.263e-03		123.635
8		0.00		0.00		1.234e-02		126.332
8		0.00		0.40		1.663e-02		127.391
8		0.00		0.80		2.053e-02		129.057
8		0.00		1.20		2.386e-02		129.124
8		0.00		1.60		2.709e-02		128.316
8		0.00		2.00		3.118e-02		129.831
8		0.00		2.40		3.446e-02		129.497
8		0.00		2.80		3.759e-02		128.366
8		0.00		3.20		4.015e-02		130.889
8		0.00		3.60		4.275e-02		129.604
8		0.00		4.00		4.496e-02		130.815
8		0.00		4.40		4.778e-02		131.006
8		0.00		4.80		5.001e-02		132.395
8		0.00		5.20		5.304e-02		132.398
8		0.00		5.60		5.490e-02		132.377
8		0.00		6.00		5.670e-02		132.642
8		0.00		6.40		5.834e-02		131.953
8		0.00		6.80		5.898e-02		132.324
8		0.00		7.20		6.071e-02		132.612
8		0.00		7.60		6.219e-02		131.639
8		0.00		8.00		6.266e-02		133.270
8		0.00		8.40		6.393e-02		133.427
8		0.00		8.80		6.484e-02		131.302
8		0.00		9.20		6.416e-02		132.654
8		0.00		9.60		6.306e-02		131.162
8		0.00		10.00		6.001e-02		130.800
8		0.00		9.60		5.971e-02		131.707
8		0.00		9.20		6.007e-02		130.485
8		0.00		8.80		5.777e-02		131.722
8		0.00		8.40		5.642e-02		132.112
8		0.00		8.00		5.303e-02		133.069
8		0.00		7.60		5.076e-02		131.999
8		0.00		7.20		4.862e-02		132.008
8		0.00		6.80		4.634e-02		132.327
8		0.00		6.40		4.306e-02		132.257
8		0.00		6.00		3.920e-02		133.123
8		0.00		5.60		3.577e-02		133.605
8		0.00		5.20		3.200e-02		133.242
8		0.00		4.80		2.762e-02		132.500
8		0.00		4.40		2.366e-02		134.035
8		0.00		4.00		1.910e-02		135.075
8		0.00		3.60		1.450e-02		135.950
8		0.00		3.20		8.853e-03		138.729
8		0.00		2.80		4.185e-03		121.470
8		0.00		2.40		2.476e-03		-50.317
8		0.00		2.00		6.500e-03		-56.769
8		0.00		1.60		1.125e-02		-52.788
8		0.00		1.20		1.564e-02		-53.729
8		0.00		0.80		2.001e-02		-51.224
8		0.00		0.40		2.473e-02		-52.447
8		0.00		0.00		2.934e-02		-50.207
8		0.00		-0.40		3.342e-02		-49.708
8		0.00		-0.80		3.798e-02		-50.188
8		0.00		-1.20		4.116e-02		-50.581
8		0.00		-1.60		4.499e-02		-50.253
8		0.00		-2.00		4.775e-02		-49.509
8		0.00		-2.40		5.069e-02		-50.434
8		0.00		-2.80		5.278e-02		-51.807
8		0.00		-3.20		5.419e-02		-51.376
8		0.00		-3.60		5.548e-02		-52.446
8		0.00		-4.00		5.719e-02		-52.310
8		0.00		-4.40		5.658e-02		-51.523
8		0.00		-4.80		5.583e-02		-51.138
8		0.00		-5.20		5.544e-02		-48.868
8		0.00		-5.60		5.632e-02		-47.648
8		0.00		-6.00		5.623e-02		-48.025
8		0.00		-6.40		5.493e-02		-47.043
8		0.00		-6.80		5.543e-02		-46.059
8		0.00		-7.20		5.647e-02		-46.599
8		0.00		-7.60		5.738e-02		-45.798
8		0.00		-8.00		5.719e-02		-45.178
8		0.00		-8.40		5.676e-02		-44.043
8		0.00		-8.80		5.410e-02		-43.043
8		0.00		-9.20		5.133e-02		-42.793
8		0.00		-9.60		4.630e-02		-45.263
8		0.00		-10.00		4.072e-02		-42.339
8		0.00		-9.60		4.630e-02		-45.071
8		0.00		-9.20		5.086e-02		-44.342
8		0.00		-8.80		5.215e-02		-44.768
8		0.00		-8.40		5.332e-02		-44.700
8		0.00		-8.00		5.411e-02		-45.852
8		0.00		-7.60		5.191e-02		-46.661
8		0.00		-7.20		4.989e-02		-45.576
8		0.00		-6.80		4.699e-02		-46.234
8		0.00		-6.40		4.458e-02		-45.903
8		0.00		-6.00		4.207e-02		-45.911
8		0.00		-5.60		3.898e-02		-45.872
8		0.00		-5.20		3.614e-02		-48.099
8		0.00		-4.80		3.304e-02		-48.321
8		0.00		-4.40		2.933e-02		-47.643
8		0.00		-4.00		2.617e-02		-46.907
8		0.00		-3.60		2.277e-02		-48.856
8		0.00		-3.20		1.945e-02		-46.181
8		0.00		-2.80		1.591e-02		-44.518
8		0.00		-2.40		1.217e-02		-43.323
8		0.00		-2.00		7.991e-03		-41.558
8		0.00		-1.60		4.235e-03		-37.589
8		0.00		-1.20		1.894e-03		16.344
8		0.00		-0.80		4.716e-03		118.824
8		0.00		-0.40		9.180e-03		123.729
