# Date of analysis: 2023-10-05 17;22
# 
# Loop index	Read Volt (V)	Write Volt (V)	Amplitude (a.u)	Phase (°)	
1		0.00		0.00		5.642e-02		-52.264
1		0.00		0.40		4.802e-02		-53.035
1		0.00		0.80		4.122e-02		-53.631
1		0.00		1.20		3.481e-02		-54.260
1		0.00		1.60		2.917e-02		-53.298
1		0.00		2.00		2.292e-02		-54.183
1		0.00		2.40		1.679e-02		-58.807
1		0.00		2.80		1.097e-02		-59.061
1		0.00		3.20		4.683e-03		-60.667
1		0.00		3.60		2.212e-03		30.115
1		0.00		4.00		7.033e-03		128.395
1		0.00		4.40		1.220e-02		130.889
1		0.00		4.80		1.741e-02		130.127
1		0.00		5.20		2.217e-02		129.925
1		0.00		5.60		2.723e-02		129.183
1		0.00		6.00		3.089e-02		128.705
1		0.00		6.40		3.540e-02		127.986
1		0.00		6.80		3.882e-02		126.774
1		0.00		7.20		4.139e-02		127.646
1		0.00		7.60		4.460e-02		128.633
1		0.00		8.00		4.651e-02		130.016
1		0.00		8.40		4.816e-02		128.334
1		0.00		8.80		5.002e-02		128.901
1		0.00		9.20		4.945e-02		127.111
1		0.00		9.60		4.683e-02		126.726
1		0.00		10.00		4.646e-02		129.451
1		0.00		9.60		4.689e-02		124.112
1		0.00		9.20		4.452e-02		121.110
1		0.00		8.80		4.194e-02		123.176
1		0.00		8.40		3.885e-02		123.532
1		0.00		8.00		3.641e-02		125.160
1		0.00		7.60		3.381e-02		130.411
1		0.00		7.20		3.142e-02		132.432
1		0.00		6.80		2.818e-02		133.451
1		0.00		6.40		2.500e-02		132.708
1		0.00		6.00		2.108e-02		132.414
1		0.00		5.60		1.706e-02		134.561
1		0.00		5.20		1.310e-02		136.868
1		0.00		4.80		8.992e-03		139.083
1		0.00		4.40		4.955e-03		103.591
1		0.00		4.00		2.859e-03		-34.585
1		0.00		3.60		6.126e-03		-75.799
1		0.00		3.20		1.069e-02		-66.976
1		0.00		2.80		1.570e-02		-61.782
1		0.00		2.40		2.086e-02		-58.978
1		0.00		2.00		2.590e-02		-57.449
1		0.00		1.60		2.996e-02		-55.446
1		0.00		1.20		3.476e-02		-52.437
1		0.00		0.80		3.950e-02		-51.836
1		0.00		0.40		4.390e-02		-52.488
1		0.00		0.00		4.844e-02		-53.470
1		0.00		-0.40		5.302e-02		-52.725
1		0.00		-0.80		5.625e-02		-54.061
1		0.00		-1.20		5.967e-02		-52.904
1		0.00		-1.60		6.357e-02		-55.945
1		0.00		-2.00		6.364e-02		-52.313
1		0.00		-2.40		6.629e-02		-51.032
1		0.00		-2.80		6.856e-02		-51.926
1		0.00		-3.20		6.691e-02		-53.281
1		0.00		-3.60		6.671e-02		-46.265
1		0.00		-4.00		6.672e-02		-47.257
1		0.00		-4.40		6.473e-02		-42.566
1		0.00		-4.80		6.817e-02		-42.741
1		0.00		-5.20		6.768e-02		-47.114
1		0.00		-5.60		6.804e-02		-41.832
1		0.00		-6.00		6.380e-02		-34.418
1		0.00		-6.40		6.739e-02		-43.357
1		0.00		-6.80		6.834e-02		-44.209
1		0.00		-7.20		7.025e-02		-44.214
1		0.00		-7.60		7.062e-02		-44.267
1		0.00		-8.00		7.037e-02		-45.872
1		0.00		-8.40		7.175e-02		-49.007
1		0.00		-8.80		6.744e-02		-46.521
1		0.00		-9.20		6.514e-02		-41.629
1		0.00		-9.60		6.264e-02		-46.228
1		0.00		-10.00		5.682e-02		-47.287
1		0.00		-9.60		5.905e-02		-46.186
1		0.00		-9.20		6.218e-02		-41.849
1		0.00		-8.80		6.544e-02		-38.719
1		0.00		-8.40		6.869e-02		-42.892
1		0.00		-8.00		6.910e-02		-44.797
1		0.00		-7.60		6.726e-02		-46.278
1		0.00		-7.20		6.537e-02		-46.529
1		0.00		-6.80		6.425e-02		-49.258
1		0.00		-6.40		6.319e-02		-46.058
1		0.00		-6.00		6.156e-02		-47.661
1		0.00		-5.60		6.031e-02		-49.532
1		0.00		-5.20		5.859e-02		-48.664
1		0.00		-4.80		5.658e-02		-50.578
1		0.00		-4.40		5.353e-02		-50.860
1		0.00		-4.00		5.031e-02		-52.192
1		0.00		-3.60		4.762e-02		-50.752
1		0.00		-3.20		4.384e-02		-50.358
1		0.00		-2.80		4.028e-02		-50.514
1		0.00		-2.40		3.635e-02		-50.243
1		0.00		-2.00		3.276e-02		-51.002
1		0.00		-1.60		2.896e-02		-51.346
1		0.00		-1.20		2.495e-02		-50.174
1		0.00		-0.80		2.073e-02		-51.198
1		0.00		-0.40		1.618e-02		-49.702
2		0.00		0.00		1.160e-02		-48.069
2		0.00		0.40		6.529e-03		-53.308
2		0.00		0.80		2.634e-03		-54.552
2		0.00		1.20		3.046e-03		96.036
2		0.00		1.60		6.698e-03		126.375
2		0.00		2.00		1.095e-02		126.185
2		0.00		2.40		1.530e-02		125.525
2		0.00		2.80		1.891e-02		126.902
2		0.00		3.20		2.337e-02		127.962
2		0.00		3.60		2.722e-02		127.601
2		0.00		4.00		3.046e-02		127.200
2		0.00		4.40		3.475e-02		129.208
2		0.00		4.80		3.791e-02		128.618
2		0.00		5.20		4.037e-02		129.335
2		0.00		5.60		4.183e-02		129.020
2		0.00		6.00		4.356e-02		130.126
2		0.00		6.40		4.467e-02		130.716
2		0.00		6.80		4.584e-02		130.356
2		0.00		7.20		4.645e-02		130.632
2		0.00		7.60		4.705e-02		131.505
2		0.00		8.00		4.704e-02		130.889
2		0.00		8.40		4.822e-02		130.165
2		0.00		8.80		4.998e-02		128.863
2		0.00		9.20		4.991e-02		128.439
2		0.00		9.60		4.957e-02		127.108
2		0.00		10.00		4.819e-02		128.505
2		0.00		9.60		4.814e-02		125.430
2		0.00		9.20		4.855e-02		127.091
2		0.00		8.80		4.672e-02		127.587
2		0.00		8.40		4.459e-02		130.135
2		0.00		8.00		4.272e-02		129.856
2		0.00		7.60		3.988e-02		128.907
2		0.00		7.20		3.696e-02		129.322
2		0.00		6.80		3.346e-02		130.039
2		0.00		6.40		3.037e-02		131.367
2		0.00		6.00		2.696e-02		132.559
2		0.00		5.60		2.415e-02		132.170
2		0.00		5.20		1.950e-02		134.066
2		0.00		4.80		1.496e-02		134.316
2		0.00		4.40		1.112e-02		135.305
2		0.00		4.00		6.168e-03		130.557
2		0.00		3.60		2.698e-03		21.771
2		0.00		3.20		3.592e-03		-78.482
2		0.00		2.80		8.045e-03		-66.681
2		0.00		2.40		1.273e-02		-61.862
2		0.00		2.00		1.736e-02		-56.293
2		0.00		1.60		2.235e-02		-55.974
2		0.00		1.20		2.609e-02		-53.210
2		0.00		0.80		3.101e-02		-53.523
2		0.00		0.40		3.524e-02		-52.814
2		0.00		0.00		3.936e-02		-52.995
2		0.00		-0.40		4.373e-02		-52.183
2		0.00		-0.80		4.682e-02		-52.856
2		0.00		-1.20		5.009e-02		-52.845
2		0.00		-1.60		5.301e-02		-53.247
2		0.00		-2.00		5.451e-02		-53.956
2		0.00		-2.40		5.706e-02		-53.958
2		0.00		-2.80		5.912e-02		-53.821
2		0.00		-3.20		6.019e-02		-53.508
2		0.00		-3.60		6.234e-02		-53.463
2		0.00		-4.00		6.248e-02		-53.416
2		0.00		-4.40		6.422e-02		-52.906
2		0.00		-4.80		6.721e-02		-50.548
2		0.00		-5.20		6.787e-02		-50.898
2		0.00		-5.60		6.509e-02		-49.649
2		0.00		-6.00		6.881e-02		-49.968
2		0.00		-6.40		6.909e-02		-45.455
2		0.00		-6.80		6.906e-02		-46.942
2		0.00		-7.20		6.874e-02		-44.794
2		0.00		-7.60		7.149e-02		-49.126
2		0.00		-8.00		6.828e-02		-40.221
2		0.00		-8.40		6.725e-02		-42.970
2		0.00		-8.80		6.517e-02		-40.417
2		0.00		-9.20		6.802e-02		-45.772
2		0.00		-9.60		6.362e-02		-46.785
2		0.00		-10.00		5.506e-02		-44.043
2		0.00		-9.60		5.975e-02		-46.571
2		0.00		-9.20		6.368e-02		-43.276
2		0.00		-8.80		6.455e-02		-40.222
2		0.00		-8.40		6.349e-02		-45.249
2		0.00		-8.00		6.538e-02		-40.375
2		0.00		-7.60		6.372e-02		-41.133
2		0.00		-7.20		6.301e-02		-42.819
2		0.00		-6.80		6.343e-02		-41.762
2		0.00		-6.40		6.155e-02		-44.897
2		0.00		-6.00		6.176e-02		-45.417
2		0.00		-5.60		5.930e-02		-45.734
2		0.00		-5.20		5.804e-02		-48.394
2		0.00		-4.80		5.552e-02		-49.332
2		0.00		-4.40		5.270e-02		-52.888
2		0.00		-4.00		4.918e-02		-52.972
2		0.00		-3.60		4.656e-02		-54.873
2		0.00		-3.20		4.384e-02		-54.904
2		0.00		-2.80		4.033e-02		-54.698
2		0.00		-2.40		3.677e-02		-55.868
2		0.00		-2.00		3.269e-02		-53.403
2		0.00		-1.60		2.921e-02		-54.628
2		0.00		-1.20		2.530e-02		-52.643
2		0.00		-0.80		2.078e-02		-54.306
2		0.00		-0.40		1.665e-02		-53.766
3		0.00		0.00		1.168e-02		-51.764
3		0.00		0.40		7.503e-03		-57.306
3		0.00		0.80		3.436e-03		-61.264
3		0.00		1.20		2.539e-03		54.717
3		0.00		1.60		6.397e-03		136.417
3		0.00		2.00		1.073e-02		130.150
3		0.00		2.40		1.508e-02		132.857
3		0.00		2.80		1.872e-02		131.045
3		0.00		3.20		2.249e-02		130.713
3		0.00		3.60		2.586e-02		129.476
3		0.00		4.00		2.919e-02		129.248
3		0.00		4.40		3.297e-02		130.024
3		0.00		4.80		3.645e-02		129.281
3		0.00		5.20		3.859e-02		129.991
3		0.00		5.60		4.048e-02		130.864
3		0.00		6.00		4.117e-02		130.731
3		0.00		6.40		4.193e-02		129.546
3		0.00		6.80		4.323e-02		129.929
3		0.00		7.20		4.433e-02		128.107
3		0.00		7.60		4.449e-02		126.331
3		0.00		8.00		4.667e-02		127.072
3		0.00		8.40		4.682e-02		127.597
3		0.00		8.80		4.886e-02		127.166
3		0.00		9.20		5.072e-02		126.594
3		0.00		9.60		5.003e-02		125.098
3		0.00		10.00		4.696e-02		127.785
3		0.00		9.60		4.684e-02		126.721
3		0.00		9.20		4.577e-02		129.524
3		0.00		8.80		4.380e-02		131.152
3		0.00		8.40		4.144e-02		131.666
3		0.00		8.00		3.916e-02		131.794
3		0.00		7.60		3.245e-02		127.881
3		0.00		7.20		3.036e-02		128.711
3		0.00		6.80		2.774e-02		129.218
3		0.00		6.40		2.485e-02		127.368
3		0.00		6.00		2.192e-02		127.184
3		0.00		5.60		1.915e-02		127.847
3		0.00		5.20		1.546e-02		128.514
3		0.00		4.80		1.188e-02		130.142
3		0.00		4.40		7.761e-03		140.005
3		0.00		4.00		4.542e-03		97.409
3		0.00		3.60		2.732e-03		-46.073
3		0.00		3.20		5.739e-03		-82.523
3		0.00		2.80		1.008e-02		-68.534
3		0.00		2.40		1.443e-02		-62.674
3		0.00		2.00		1.882e-02		-62.149
3		0.00		1.60		2.353e-02		-60.622
3		0.00		1.20		2.869e-02		-56.654
3		0.00		0.80		3.332e-02		-56.276
3		0.00		0.40		3.787e-02		-55.133
3		0.00		0.00		4.180e-02		-55.144
3		0.00		-0.40		4.536e-02		-54.629
3		0.00		-0.80		4.821e-02		-54.255
3		0.00		-1.20		5.100e-02		-54.571
3		0.00		-1.60		5.276e-02		-54.117
3		0.00		-2.00		5.620e-02		-54.476
3		0.00		-2.40		5.714e-02		-50.739
3		0.00		-2.80		5.853e-02		-48.922
3		0.00		-3.20		5.929e-02		-46.371
3		0.00		-3.60		6.126e-02		-48.202
3		0.00		-4.00		6.206e-02		-52.307
3		0.00		-4.40		6.403e-02		-52.989
3		0.00		-4.80		6.644e-02		-53.147
3		0.00		-5.20		6.767e-02		-52.368
3		0.00		-5.60		6.745e-02		-51.666
3		0.00		-6.00		6.734e-02		-49.991
3		0.00		-6.40		6.663e-02		-48.629
3		0.00		-6.80		6.784e-02		-45.869
3		0.00		-7.20		7.092e-02		-46.456
3		0.00		-7.60		7.005e-02		-44.589
3		0.00		-8.00		6.745e-02		-46.062
3		0.00		-8.40		6.835e-02		-42.561
3		0.00		-8.80		6.459e-02		-39.442
3		0.00		-9.20		6.372e-02		-32.686
3		0.00		-9.60		5.993e-02		-35.248
3		0.00		-10.00		5.276e-02		-38.460
3		0.00		-9.60		5.867e-02		-37.392
3		0.00		-9.20		6.139e-02		-40.653
3		0.00		-8.80		6.446e-02		-49.345
3		0.00		-8.40		6.795e-02		-50.779
3		0.00		-8.00		6.735e-02		-48.930
3		0.00		-7.60		6.521e-02		-47.139
3		0.00		-7.20		6.534e-02		-48.486
3		0.00		-6.80		6.293e-02		-49.383
3		0.00		-6.40		6.376e-02		-49.038
3		0.00		-6.00		6.150e-02		-53.962
3		0.00		-5.60		5.876e-02		-53.519
3		0.00		-5.20		5.734e-02		-52.401
3		0.00		-4.80		5.612e-02		-51.543
3		0.00		-4.40		5.299e-02		-50.477
3		0.00		-4.00		5.092e-02		-50.853
3		0.00		-3.60		4.767e-02		-50.986
3		0.00		-3.20		4.462e-02		-54.313
3		0.00		-2.80		4.209e-02		-55.748
3		0.00		-2.40		3.840e-02		-55.258
3		0.00		-2.00		3.540e-02		-54.761
3		0.00		-1.60		3.130e-02		-54.256
3		0.00		-1.20		2.743e-02		-53.358
3		0.00		-0.80		2.351e-02		-52.314
3		0.00		-0.40		1.917e-02		-52.937
4		0.00		0.00		1.457e-02		-54.163
4		0.00		0.40		9.942e-03		-57.670
4		0.00		0.80		6.211e-03		-65.910
4		0.00		1.20		2.347e-03		-65.684
4		0.00		1.60		2.796e-03		66.503
4		0.00		2.00		6.978e-03		131.811
4		0.00		2.40		1.120e-02		128.221
4		0.00		2.80		1.534e-02		127.381
4		0.00		3.20		1.929e-02		128.620
4		0.00		3.60		2.268e-02		129.960
4		0.00		4.00		2.630e-02		130.506
4		0.00		4.40		2.965e-02		130.205
4		0.00		4.80		3.315e-02		128.679
4		0.00		5.20		3.579e-02		128.301
4		0.00		5.60		3.791e-02		130.115
4		0.00		6.00		3.789e-02		128.754
4		0.00		6.40		3.958e-02		129.342
4		0.00		6.80		4.064e-02		130.177
4		0.00		7.20		4.191e-02		131.055
4		0.00		7.60		4.274e-02		129.653
4		0.00		8.00		4.184e-02		127.102
4		0.00		8.40		4.415e-02		125.987
4		0.00		8.80		4.775e-02		130.527
4		0.00		9.20		4.830e-02		126.343
4		0.00		9.60		4.889e-02		126.520
4		0.00		10.00		4.676e-02		129.604
4		0.00		9.60		4.589e-02		129.121
4		0.00		9.20		4.674e-02		129.330
4		0.00		8.80		4.413e-02		124.502
4		0.00		8.40		4.140e-02		128.137
4		0.00		8.00		4.013e-02		131.932
4		0.00		7.60		3.803e-02		130.386
4		0.00		7.20		3.533e-02		131.001
4		0.00		6.80		3.126e-02		132.407
4		0.00		6.40		2.848e-02		134.065
4		0.00		6.00		2.478e-02		131.971
4		0.00		5.60		2.107e-02		130.854
4		0.00		5.20		1.748e-02		135.022
4		0.00		4.80		1.399e-02		137.853
4		0.00		4.40		9.448e-03		137.553
4		0.00		4.00		4.961e-03		120.560
4		0.00		3.60		2.538e-03		-37.348
4		0.00		3.20		4.463e-03		-79.844
4		0.00		2.80		9.161e-03		-64.540
4		0.00		2.40		1.384e-02		-58.704
4		0.00		2.00		1.821e-02		-59.923
4		0.00		1.60		2.327e-02		-58.743
4		0.00		1.20		2.702e-02		-57.097
4		0.00		0.80		3.158e-02		-55.426
4		0.00		0.40		3.440e-02		-53.778
4		0.00		0.00		3.787e-02		-52.027
4		0.00		-0.40		4.160e-02		-50.024
4		0.00		-0.80		4.525e-02		-54.696
4		0.00		-1.20		5.076e-02		-56.326
4		0.00		-1.60		5.421e-02		-54.089
4		0.00		-2.00		5.580e-02		-53.753
4		0.00		-2.40		5.658e-02		-53.088
4		0.00		-2.80		6.013e-02		-50.921
4		0.00		-3.20		6.270e-02		-52.529
4		0.00		-3.60		6.473e-02		-55.227
4		0.00		-4.00		6.636e-02		-53.662
4		0.00		-4.40		6.568e-02		-52.022
4		0.00		-4.80		6.528e-02		-53.146
4		0.00		-5.20		6.558e-02		-44.893
4		0.00		-5.60		6.667e-02		-43.036
4		0.00		-6.00		6.750e-02		-42.685
4		0.00		-6.40		6.798e-02		-51.075
4		0.00		-6.80		6.886e-02		-47.878
4		0.00		-7.20		6.846e-02		-42.645
4		0.00		-7.60		7.220e-02		-44.192
4		0.00		-8.00		7.012e-02		-37.831
4		0.00		-8.40		6.932e-02		-38.336
4		0.00		-8.80		6.897e-02		-32.973
4		0.00		-9.20		6.851e-02		-45.330
4		0.00		-9.60		6.327e-02		-45.401
4		0.00		-10.00		5.760e-02		-47.404
4		0.00		-9.60		6.299e-02		-44.623
4		0.00		-9.20		6.372e-02		-40.023
4		0.00		-8.80		6.811e-02		-37.577
4		0.00		-8.40		6.807e-02		-38.772
4		0.00		-8.00		6.849e-02		-44.593
4		0.00		-7.60		6.973e-02		-49.088
4		0.00		-7.20		6.760e-02		-45.845
4		0.00		-6.80		6.810e-02		-48.243
4		0.00		-6.40		6.492e-02		-47.225
4		0.00		-6.00		6.230e-02		-46.025
4		0.00		-5.60		6.140e-02		-44.306
4		0.00		-5.20		5.918e-02		-48.278
4		0.00		-4.80		5.791e-02		-53.960
4		0.00		-4.40		5.590e-02		-53.669
4		0.00		-4.00		5.340e-02		-53.653
4		0.00		-3.60		5.081e-02		-53.328
4		0.00		-3.20		4.665e-02		-53.083
4		0.00		-2.80		4.284e-02		-49.492
4		0.00		-2.40		3.953e-02		-51.898
4		0.00		-2.00		3.660e-02		-54.004
4		0.00		-1.60		3.362e-02		-52.498
4		0.00		-1.20		2.913e-02		-51.782
4		0.00		-0.80		2.498e-02		-51.270
4		0.00		-0.40		2.059e-02		-48.897
5		0.00		0.00		1.600e-02		-51.045
5		0.00		0.40		1.160e-02		-52.509
5		0.00		0.80		7.721e-03		-53.529
5		0.00		1.20		3.573e-03		-59.629
5		0.00		1.60		2.441e-03		66.476
5		0.00		2.00		6.231e-03		135.157
5		0.00		2.40		1.110e-02		131.648
5		0.00		2.80		1.491e-02		130.112
5		0.00		3.20		1.882e-02		131.560
5		0.00		3.60		2.284e-02		130.521
5		0.00		4.00		2.725e-02		129.601
5		0.00		4.40		3.204e-02		131.672
5		0.00		4.80		3.518e-02		132.179
5		0.00		5.20		3.750e-02		131.701
5		0.00		5.60		3.922e-02		130.320
5		0.00		6.00		4.057e-02		128.990
5		0.00		6.40		4.202e-02		130.417
5		0.00		6.80		4.436e-02		130.156
5		0.00		7.20		4.598e-02		130.066
5		0.00		7.60		4.885e-02		131.720
5		0.00		8.00		4.843e-02		132.568
5		0.00		8.40		5.089e-02		132.498
5		0.00		8.80		5.184e-02		126.488
5		0.00		9.20		5.401e-02		122.970
5		0.00		9.60		5.273e-02		129.520
5		0.00		10.00		5.176e-02		127.725
5		0.00		9.60		5.146e-02		126.193
5		0.00		9.20		4.999e-02		128.133
5		0.00		8.80		4.664e-02		131.005
5		0.00		8.40		4.496e-02		132.321
5		0.00		8.00		4.163e-02		130.362
5		0.00		7.60		4.076e-02		127.299
5		0.00		7.20		3.800e-02		127.822
5		0.00		6.80		3.523e-02		131.693
5		0.00		6.40		3.252e-02		130.326
5		0.00		6.00		2.859e-02		132.182
5		0.00		5.60		2.443e-02		134.080
5		0.00		5.20		2.046e-02		137.614
5		0.00		4.80		1.606e-02		137.521
5		0.00		4.40		1.113e-02		138.081
5		0.00		4.00		6.257e-03		139.378
5		0.00		3.60		3.076e-03		21.173
5		0.00		3.20		3.830e-03		-78.976
5		0.00		2.80		8.273e-03		-72.846
5		0.00		2.40		1.327e-02		-59.840
5		0.00		2.00		1.831e-02		-58.893
5		0.00		1.60		2.203e-02		-55.787
5		0.00		1.20		2.560e-02		-54.016
5		0.00		0.80		3.003e-02		-53.388
5		0.00		0.40		3.470e-02		-53.312
5		0.00		0.00		3.929e-02		-53.675
5		0.00		-0.40		4.453e-02		-53.793
5		0.00		-0.80		4.981e-02		-53.823
5		0.00		-1.20		5.230e-02		-53.982
5		0.00		-1.60		5.331e-02		-53.401
5		0.00		-2.00		5.488e-02		-51.628
5		0.00		-2.40		5.701e-02		-50.198
5		0.00		-2.80		6.027e-02		-53.104
5		0.00		-3.20		6.294e-02		-53.679
5		0.00		-3.60		6.431e-02		-51.929
5		0.00		-4.00		6.517e-02		-52.103
5		0.00		-4.40		6.530e-02		-52.388
5		0.00		-4.80		6.715e-02		-50.507
5		0.00		-5.20		6.603e-02		-45.863
5		0.00		-5.60		6.751e-02		-44.422
5		0.00		-6.00		6.645e-02		-46.818
5		0.00		-6.40		6.783e-02		-49.266
5		0.00		-6.80		6.939e-02		-44.231
5		0.00		-7.20		6.919e-02		-40.773
5		0.00		-7.60		7.293e-02		-42.453
5		0.00		-8.00		6.933e-02		-43.164
5		0.00		-8.40		6.669e-02		-35.509
5		0.00		-8.80		6.524e-02		-35.816
5		0.00		-9.20		6.512e-02		-35.506
5		0.00		-9.60		6.402e-02		-42.624
5		0.00		-10.00		5.773e-02		-47.503
5		0.00		-9.60		6.424e-02		-44.982
5		0.00		-9.20		6.699e-02		-45.425
5		0.00		-8.80		6.964e-02		-38.224
5		0.00		-8.40		6.882e-02		-38.027
5		0.00		-8.00		7.017e-02		-37.876
5		0.00		-7.60		7.113e-02		-43.438
5		0.00		-7.20		7.015e-02		-42.127
5		0.00		-6.80		6.904e-02		-44.115
5		0.00		-6.40		6.514e-02		-47.814
5		0.00		-6.00		6.595e-02		-48.728
5		0.00		-5.60		6.481e-02		-50.705
5		0.00		-5.20		6.183e-02		-50.910
5		0.00		-4.80		6.057e-02		-51.697
5		0.00		-4.40		5.685e-02		-52.141
5		0.00		-4.00		5.301e-02		-52.430
5		0.00		-3.60		5.076e-02		-52.499
5		0.00		-3.20		4.648e-02		-50.468
5		0.00		-2.80		4.254e-02		-49.936
5		0.00		-2.40		3.902e-02		-51.378
5		0.00		-2.00		3.599e-02		-51.996
5		0.00		-1.60		3.194e-02		-51.055
5		0.00		-1.20		2.875e-02		-51.563
5		0.00		-0.80		2.501e-02		-50.785
5		0.00		-0.40		2.054e-02		-51.696
6		0.00		0.00		1.618e-02		-50.643
6		0.00		0.40		1.129e-02		-48.393
6		0.00		0.80		6.642e-03		-51.527
6		0.00		1.20		2.466e-03		-43.661
6		0.00		1.60		3.358e-03		96.707
6		0.00		2.00		7.501e-03		129.180
6		0.00		2.40		1.194e-02		131.008
6		0.00		2.80		1.617e-02		131.520
6		0.00		3.20		2.003e-02		129.628
6		0.00		3.60		2.458e-02		130.272
6		0.00		4.00		2.887e-02		131.094
6		0.00		4.40		3.264e-02		130.445
6		0.00		4.80		3.604e-02		130.221
6		0.00		5.20		3.847e-02		131.172
6		0.00		5.60		4.070e-02		132.290
6		0.00		6.00		4.052e-02		132.158
6		0.00		6.40		4.162e-02		131.037
6		0.00		6.80		4.322e-02		129.947
6		0.00		7.20		4.376e-02		127.855
6		0.00		7.60		4.614e-02		128.296
6		0.00		8.00		4.800e-02		130.051
6		0.00		8.40		5.082e-02		130.790
6		0.00		8.80		5.266e-02		128.818
6		0.00		9.20		5.511e-02		127.409
6		0.00		9.60		5.408e-02		127.344
6		0.00		10.00		5.154e-02		129.487
6		0.00		9.60		5.033e-02		129.317
6		0.00		9.20		4.818e-02		130.827
6		0.00		8.80		4.663e-02		131.685
6		0.00		8.40		4.425e-02		131.520
6		0.00		8.00		4.194e-02		130.329
6		0.00		7.60		4.057e-02		128.768
6		0.00		7.20		3.828e-02		129.712
6		0.00		6.80		3.485e-02		129.661
6		0.00		6.40		3.196e-02		131.147
6		0.00		6.00		2.911e-02		132.191
6		0.00		5.60		2.567e-02		133.638
6		0.00		5.20		2.194e-02		136.092
6		0.00		4.80		1.804e-02		137.375
6		0.00		4.40		1.389e-02		138.806
6		0.00		4.00		8.702e-03		143.109
6		0.00		3.60		4.059e-03		72.613
6		0.00		3.20		2.878e-03		-79.929
6		0.00		2.80		7.432e-03		-61.555
6		0.00		2.40		1.226e-02		-60.125
6		0.00		2.00		1.675e-02		-58.342
6		0.00		1.60		2.086e-02		-57.858
6		0.00		1.20		2.520e-02		-52.428
6		0.00		0.80		3.009e-02		-51.878
6		0.00		0.40		3.368e-02		-50.568
6		0.00		0.00		3.896e-02		-52.027
6		0.00		-0.40		4.270e-02		-52.973
6		0.00		-0.80		4.692e-02		-54.392
6		0.00		-1.20		5.088e-02		-55.456
6		0.00		-1.60		5.364e-02		-54.703
6		0.00		-2.00		5.886e-02		-54.408
6		0.00		-2.40		6.159e-02		-53.492
6		0.00		-2.80		6.222e-02		-53.228
6		0.00		-3.20		6.345e-02		-51.469
6		0.00		-3.60		6.401e-02		-53.078
6		0.00		-4.00		6.495e-02		-50.427
6		0.00		-4.40		6.741e-02		-48.473
6		0.00		-4.80		6.710e-02		-44.457
6		0.00		-5.20		6.686e-02		-44.990
6		0.00		-5.60		6.991e-02		-44.114
6		0.00		-6.00		6.838e-02		-45.699
6		0.00		-6.40		6.581e-02		-45.852
6		0.00		-6.80		6.924e-02		-46.243
6		0.00		-7.20		6.846e-02		-46.452
6		0.00		-7.60		6.984e-02		-48.722
6		0.00		-8.00		6.811e-02		-38.173
6		0.00		-8.40		6.948e-02		-37.490
6		0.00		-8.80		6.957e-02		-41.411
6		0.00		-9.20		6.493e-02		-43.752
6		0.00		-9.60		6.276e-02		-41.380
6		0.00		-10.00		5.515e-02		-43.112
6		0.00		-9.60		6.254e-02		-42.948
6		0.00		-9.20		6.700e-02		-33.785
6		0.00		-8.80		6.510e-02		-39.029
6		0.00		-8.40		6.917e-02		-37.902
6		0.00		-8.00		6.801e-02		-41.305
6		0.00		-7.60		6.935e-02		-43.904
6		0.00		-7.20		6.955e-02		-44.929
6		0.00		-6.80		6.825e-02		-46.603
6		0.00		-6.40		6.798e-02		-47.648
6		0.00		-6.00		6.593e-02		-49.895
6		0.00		-5.60		6.372e-02		-51.688
6		0.00		-5.20		6.238e-02		-51.369
6		0.00		-4.80		5.991e-02		-52.385
6		0.00		-4.40		5.774e-02		-52.768
6		0.00		-4.00		5.465e-02		-52.513
6		0.00		-3.60		5.077e-02		-52.653
6		0.00		-3.20		4.780e-02		-53.508
6		0.00		-2.80		4.407e-02		-53.031
6		0.00		-2.40		4.021e-02		-51.710
6		0.00		-2.00		3.640e-02		-51.037
6		0.00		-1.60		3.257e-02		-49.727
6		0.00		-1.20		2.922e-02		-50.738
6		0.00		-0.80		2.521e-02		-48.557
6		0.00		-0.40		2.109e-02		-49.824
7		0.00		0.00		1.681e-02		-52.402
7		0.00		0.40		1.243e-02		-52.390
7		0.00		0.80		8.303e-03		-54.033
7		0.00		1.20		3.945e-03		-61.963
7		0.00		1.60		2.063e-03		23.280
7		0.00		2.00		5.410e-03		122.873
7		0.00		2.40		1.008e-02		132.609
7		0.00		2.80		1.472e-02		130.626
7		0.00		3.20		1.932e-02		131.382
7		0.00		3.60		2.332e-02		133.117
7		0.00		4.00		2.765e-02		130.932
7		0.00		4.40		3.193e-02		131.273
7		0.00		4.80		3.444e-02		132.072
7		0.00		5.20		3.782e-02		132.008
7		0.00		5.60		3.921e-02		132.209
7		0.00		6.00		4.108e-02		132.352
7		0.00		6.40		4.252e-02		132.516
7		0.00		6.80		4.340e-02		132.332
7		0.00		7.20		4.571e-02		131.251
7		0.00		7.60		4.521e-02		131.182
7		0.00		8.00		4.692e-02		128.871
7		0.00		8.40		5.070e-02		127.479
7		0.00		8.80		5.168e-02		126.829
7		0.00		9.20		5.230e-02		125.168
7		0.00		9.60		4.919e-02		123.280
7		0.00		10.00		4.584e-02		123.180
7		0.00		9.60		4.486e-02		121.463
7		0.00		9.20		4.477e-02		123.410
7		0.00		8.80		4.617e-02		124.592
7		0.00		8.40		4.168e-02		126.950
7		0.00		8.00		4.187e-02		125.385
7		0.00		7.60		3.932e-02		127.236
7		0.00		7.20		3.606e-02		129.542
7		0.00		6.80		3.351e-02		128.307
7		0.00		6.40		3.016e-02		129.347
7		0.00		6.00		2.653e-02		134.882
7		0.00		5.60		2.267e-02		134.156
7		0.00		5.20		1.840e-02		135.396
7		0.00		4.80		1.457e-02		135.361
7		0.00		4.40		1.053e-02		139.408
7		0.00		4.00		5.629e-03		123.228
7		0.00		3.60		2.561e-03		-40.258
7		0.00		3.20		4.805e-03		-75.959
7		0.00		2.80		9.448e-03		-67.844
7		0.00		2.40		1.410e-02		-61.393
7		0.00		2.00		1.936e-02		-58.250
7		0.00		1.60		2.443e-02		-56.711
7		0.00		1.20		2.878e-02		-54.428
7		0.00		0.80		3.366e-02		-53.231
7		0.00		0.40		3.806e-02		-53.189
7		0.00		0.00		4.139e-02		-53.351
7		0.00		-0.40		4.611e-02		-53.566
7		0.00		-0.80		4.904e-02		-52.685
7		0.00		-1.20		5.277e-02		-52.582
7		0.00		-1.60		5.511e-02		-52.963
7		0.00		-2.00		5.730e-02		-52.556
7		0.00		-2.40		6.045e-02		-52.619
7		0.00		-2.80		6.299e-02		-53.152
7		0.00		-3.20		6.232e-02		-53.935
7		0.00		-3.60		6.270e-02		-51.660
7		0.00		-4.00		6.496e-02		-50.667
7		0.00		-4.40		6.654e-02		-50.067
7		0.00		-4.80		6.476e-02		-46.840
7		0.00		-5.20		6.589e-02		-44.712
7		0.00		-5.60		6.561e-02		-42.438
7		0.00		-6.00		6.669e-02		-47.773
7		0.00		-6.40		6.623e-02		-41.136
7		0.00		-6.80		6.700e-02		-39.003
7		0.00		-7.20		6.582e-02		-36.008
7		0.00		-7.60		6.532e-02		-32.505
7		0.00		-8.00		6.512e-02		-32.357
7		0.00		-8.40		6.534e-02		-33.568
7		0.00		-8.80		6.556e-02		-33.339
7		0.00		-9.20		6.472e-02		-28.323
7		0.00		-9.60		6.232e-02		-36.014
7		0.00		-10.00		5.715e-02		-41.870
7		0.00		-9.60		6.244e-02		-41.712
7		0.00		-9.20		6.366e-02		-45.505
7		0.00		-8.80		6.861e-02		-47.822
7		0.00		-8.40		7.290e-02		-45.090
7		0.00		-8.00		6.783e-02		-49.207
7		0.00		-7.60		7.095e-02		-49.081
7		0.00		-7.20		7.104e-02		-48.413
7		0.00		-6.80		6.711e-02		-47.973
7		0.00		-6.40		6.761e-02		-49.283
7		0.00		-6.00		6.542e-02		-50.728
7		0.00		-5.60		6.341e-02		-50.973
7		0.00		-5.20		6.310e-02		-51.643
7		0.00		-4.80		6.027e-02		-52.987
7		0.00		-4.40		5.824e-02		-54.832
7		0.00		-4.00		5.538e-02		-54.599
7		0.00		-3.60		5.271e-02		-53.675
7		0.00		-3.20		5.031e-02		-53.629
7		0.00		-2.80		4.698e-02		-53.436
7		0.00		-2.40		4.379e-02		-52.638
7		0.00		-2.00		3.975e-02		-53.304
7		0.00		-1.60		3.626e-02		-52.757
7		0.00		-1.20		3.205e-02		-50.879
7		0.00		-0.80		2.795e-02		-51.578
7		0.00		-0.40		2.426e-02		-52.525
8		0.00		0.00		1.955e-02		-52.167
8		0.00		0.40		1.608e-02		-53.568
8		0.00		0.80		1.168e-02		-53.437
8		0.00		1.20		7.745e-03		-54.276
8		0.00		1.60		3.479e-03		-75.045
8		0.00		2.00		2.637e-03		51.277
8		0.00		2.40		6.179e-03		125.367
8		0.00		2.80		1.023e-02		132.371
8		0.00		3.20		1.474e-02		133.324
8		0.00		3.60		1.863e-02		132.471
8		0.00		4.00		2.235e-02		129.948
8		0.00		4.40		2.587e-02		129.894
8		0.00		4.80		2.876e-02		130.633
8		0.00		5.20		3.027e-02		129.327
8		0.00		5.60		3.169e-02		127.921
8		0.00		6.00		3.389e-02		127.812
8		0.00		6.40		3.619e-02		127.433
8		0.00		6.80		3.681e-02		125.104
8		0.00		7.20		3.963e-02		126.376
8		0.00		7.60		4.072e-02		125.886
8		0.00		8.00		4.057e-02		127.632
8		0.00		8.40		4.304e-02		128.131
8		0.00		8.80		4.485e-02		124.602
8		0.00		9.20		4.470e-02		130.141
8		0.00		9.60		4.423e-02		128.468
8		0.00		10.00		4.396e-02		132.587
8		0.00		9.60		4.467e-02		129.486
8		0.00		9.20		4.426e-02		128.962
8		0.00		8.80		4.305e-02		129.501
8		0.00		8.40		4.233e-02		130.252
8		0.00		8.00		4.127e-02		130.356
8		0.00		7.60		3.978e-02		130.665
8		0.00		7.20		3.839e-02		130.890
8		0.00		6.80		3.524e-02		131.112
8		0.00		6.40		3.129e-02		131.493
8		0.00		6.00		2.744e-02		131.218
8		0.00		5.60		2.383e-02		133.817
8		0.00		5.20		1.895e-02		133.578
8		0.00		4.80		1.443e-02		135.022
8		0.00		4.40		9.949e-03		139.084
8		0.00		4.00		5.754e-03		108.678
8		0.00		3.60		2.607e-03		-47.935
8		0.00		3.20		5.117e-03		-80.397
8		0.00		2.80		9.507e-03		-66.263
8		0.00		2.40		1.428e-02		-61.995
8		0.00		2.00		1.915e-02		-55.699
8		0.00		1.60		2.423e-02		-55.797
8		0.00		1.20		2.877e-02		-53.592
8		0.00		0.80		3.362e-02		-53.544
8		0.00		0.40		3.740e-02		-53.288
8		0.00		0.00		4.174e-02		-51.477
8		0.00		-0.40		4.706e-02		-51.670
8		0.00		-0.80		4.888e-02		-51.362
8		0.00		-1.20		5.223e-02		-51.713
8		0.00		-1.60		5.552e-02		-51.929
8		0.00		-2.00		5.732e-02		-52.379
8		0.00		-2.40		5.915e-02		-51.450
8		0.00		-2.80		6.179e-02		-52.999
8		0.00		-3.20		6.214e-02		-50.341
8		0.00		-3.60		6.272e-02		-49.010
8		0.00		-4.00		6.229e-02		-48.392
8		0.00		-4.40		6.455e-02		-46.043
8		0.00		-4.80		6.491e-02		-44.265
8		0.00		-5.20		6.876e-02		-41.608
8		0.00		-5.60		6.574e-02		-43.650
8		0.00		-6.00		6.719e-02		-42.463
8		0.00		-6.40		6.851e-02		-47.730
8		0.00		-6.80		6.953e-02		-48.033
8		0.00		-7.20		6.990e-02		-49.408
8		0.00		-7.60		7.199e-02		-47.278
8		0.00		-8.00		6.961e-02		-47.112
8		0.00		-8.40		6.673e-02		-47.712
8		0.00		-8.80		6.961e-02		-50.359
8		0.00		-9.20		6.570e-02		-43.349
8		0.00		-9.60		6.221e-02		-47.803
8		0.00		-10.00		5.537e-02		-46.852
8		0.00		-9.60		6.212e-02		-45.338
8		0.00		-9.20		6.464e-02		-42.633
8		0.00		-8.80		6.656e-02		-41.645
8		0.00		-8.40		6.861e-02		-39.423
8		0.00		-8.00		7.017e-02		-42.650
8		0.00		-7.60		6.932e-02		-46.810
8		0.00		-7.20		6.704e-02		-47.491
8		0.00		-6.80		6.659e-02		-45.867
8		0.00		-6.40		6.229e-02		-45.439
8		0.00		-6.00		6.076e-02		-45.295
8		0.00		-5.60		6.224e-02		-49.601
8		0.00		-5.20		6.103e-02		-51.263
8		0.00		-4.80		5.715e-02		-51.140
8		0.00		-4.40		5.753e-02		-53.541
8		0.00		-4.00		5.548e-02		-52.057
8		0.00		-3.60		5.129e-02		-49.687
8		0.00		-3.20		4.843e-02		-51.463
8		0.00		-2.80		4.539e-02		-49.837
8		0.00		-2.40		4.156e-02		-51.775
8		0.00		-2.00		3.805e-02		-51.183
8		0.00		-1.60		3.428e-02		-51.702
8		0.00		-1.20		3.134e-02		-51.014
8		0.00		-0.80		2.756e-02		-51.503
8		0.00		-0.40		2.288e-02		-50.990
