# Date of analysis: 2023-10-17 09;56
# 
# Loop index	Read Volt (V)	Write Volt (V)	Amplitude (a.u)	Phase (deg)	
1		0.00		0.00		1.406e-02		-45.362
1		0.00		0.40		1.426e-02		-48.274
1		0.00		0.80		1.444e-02		-50.645
1		0.00		1.20		1.447e-02		-48.103
1		0.00		1.60		1.459e-02		-45.973
1		0.00		2.00		1.438e-02		-43.389
1		0.00		2.40		1.470e-02		-46.548
1		0.00		2.80		1.482e-02		-46.819
1		0.00		3.20		1.448e-02		-51.016
1		0.00		3.60		1.484e-02		-49.955
1		0.00		4.00		1.548e-02		-47.822
1		0.00		4.40		1.553e-02		-46.969
1		0.00		4.80		1.601e-02		-48.200
1		0.00		5.20		1.687e-02		-50.339
1		0.00		5.60		1.846e-02		-51.480
1		0.00		6.00		1.930e-02		-48.676
1		0.00		6.40		1.998e-02		-47.857
1		0.00		6.80		2.154e-02		-51.528
1		0.00		7.20		2.154e-02		-50.093
1		0.00		7.60		2.235e-02		-50.754
1		0.00		8.00		2.339e-02		-50.672
1		0.00		8.40		2.371e-02		-50.594
1		0.00		8.80		2.487e-02		-50.409
1		0.00		9.20		2.649e-02		-50.186
1		0.00		9.60		2.770e-02		-50.164
1		0.00		10.00		2.909e-02		-51.013
1		0.00		9.60		3.025e-02		-51.188
1		0.00		9.20		3.036e-02		-50.254
1		0.00		8.80		3.042e-02		-52.578
1		0.00		8.40		3.075e-02		-51.212
1		0.00		8.00		3.090e-02		-50.408
1		0.00		7.60		3.088e-02		-50.527
1		0.00		7.20		3.156e-02		-50.816
1		0.00		6.80		3.136e-02		-52.427
1		0.00		6.40		3.074e-02		-52.308
1		0.00		6.00		2.992e-02		-52.311
1		0.00		5.60		2.983e-02		-50.296
1		0.00		5.20		2.988e-02		-51.065
1		0.00		4.80		2.972e-02		-49.954
1		0.00		4.40		3.008e-02		-50.625
1		0.00		4.00		2.989e-02		-50.946
1		0.00		3.60		2.909e-02		-51.564
1		0.00		3.20		2.809e-02		-52.349
1		0.00		2.80		2.797e-02		-50.254
1		0.00		2.40		2.758e-02		-51.948
1		0.00		2.00		2.741e-02		-51.875
1		0.00		1.60		2.761e-02		-50.513
1		0.00		1.20		2.765e-02		-49.570
1		0.00		0.80		2.759e-02		-50.093
1		0.00		0.40		2.752e-02		-51.948
1		0.00		0.00		2.725e-02		-51.203
1		0.00		-0.40		2.680e-02		-50.416
1		0.00		-0.80		2.695e-02		-52.158
1		0.00		-1.20		2.680e-02		-51.071
1		0.00		-1.60		2.673e-02		-48.383
1		0.00		-2.00		2.709e-02		-50.820
1		0.00		-2.40		2.702e-02		-50.743
1		0.00		-2.80		2.670e-02		-49.316
1		0.00		-3.20		2.574e-02		-51.436
1		0.00		-3.60		2.412e-02		-51.643
1		0.00		-4.00		2.347e-02		-51.961
1		0.00		-4.40		2.287e-02		-49.416
1		0.00		-4.80		2.217e-02		-50.311
1		0.00		-5.20		2.138e-02		-50.436
1		0.00		-5.60		2.008e-02		-47.520
1		0.00		-6.00		1.897e-02		-48.465
1		0.00		-6.40		1.638e-02		-49.408
1		0.00		-6.80		1.306e-02		-47.635
1		0.00		-7.20		8.728e-03		-45.295
1		0.00		-7.60		5.177e-03		-46.307
1		0.00		-8.00		3.103e-03		-17.344
1		0.00		-8.40		2.174e-03		2.261
1		0.00		-8.80		2.829e-03		72.381
1		0.00		-9.20		3.994e-03		102.028
1		0.00		-9.60		5.371e-03		111.706
1		0.00		-10.00		6.444e-03		112.432
1		0.00		-9.60		7.847e-03		116.619
1		0.00		-9.20		8.197e-03		113.701
1		0.00		-8.80		8.276e-03		118.609
1		0.00		-8.40		8.393e-03		115.778
1		0.00		-8.00		8.027e-03		116.029
1		0.00		-7.60		7.902e-03		111.332
1		0.00		-7.20		8.278e-03		112.824
1		0.00		-6.80		7.930e-03		115.623
1		0.00		-6.40		7.444e-03		111.749
1		0.00		-6.00		7.182e-03		114.729
1		0.00		-5.60		7.241e-03		122.169
1		0.00		-5.20		6.627e-03		111.344
1		0.00		-4.80		6.741e-03		120.225
1		0.00		-4.40		6.227e-03		117.687
1		0.00		-4.00		6.179e-03		115.357
1		0.00		-3.60		5.989e-03		115.565
1		0.00		-3.20		5.509e-03		109.931
1		0.00		-2.80		4.949e-03		113.250
1		0.00		-2.40		5.228e-03		113.197
1		0.00		-2.00		5.120e-03		114.161
1		0.00		-1.60		4.951e-03		107.051
1		0.00		-1.20		4.995e-03		113.921
1		0.00		-0.80		4.837e-03		109.243
1		0.00		-0.40		4.866e-03		120.490
2		0.00		0.00		4.659e-03		116.675
2		0.00		0.40		4.670e-03		101.705
2		0.00		0.80		4.497e-03		109.791
2		0.00		1.20		4.019e-03		97.030
2		0.00		1.60		4.159e-03		109.386
2		0.00		2.00		3.161e-03		96.803
2		0.00		2.40		2.731e-03		83.444
2		0.00		2.80		2.253e-03		78.777
2		0.00		3.20		1.899e-03		45.232
2		0.00		3.60		1.857e-03		32.100
2		0.00		4.00		2.028e-03		-4.159
2		0.00		4.40		2.687e-03		-32.669
2		0.00		4.80		3.531e-03		-41.097
2		0.00		5.20		4.120e-03		-47.773
2		0.00		5.60		4.701e-03		-36.572
2		0.00		6.00		5.226e-03		-57.307
2		0.00		6.40		6.445e-03		-51.070
2		0.00		6.80		7.408e-03		-51.250
2		0.00		7.20		7.622e-03		-51.478
2		0.00		7.60		8.512e-03		-53.248
2		0.00		8.00		9.379e-03		-48.978
2		0.00		8.40		1.081e-02		-50.475
2		0.00		8.80		1.237e-02		-50.998
2		0.00		9.20		1.508e-02		-49.865
2		0.00		9.60		1.767e-02		-51.793
2		0.00		10.00		2.105e-02		-49.493
2		0.00		9.60		2.254e-02		-51.784
2		0.00		9.20		2.354e-02		-49.601
2		0.00		8.80		2.449e-02		-50.164
2		0.00		8.40		2.439e-02		-50.509
2		0.00		8.00		2.479e-02		-48.506
2		0.00		7.60		2.495e-02		-50.425
2		0.00		7.20		2.470e-02		-49.293
2		0.00		6.80		2.487e-02		-50.313
2		0.00		6.40		2.481e-02		-50.629
2		0.00		6.00		2.466e-02		-49.568
2		0.00		5.60		2.436e-02		-49.475
2		0.00		5.20		2.413e-02		-50.627
2		0.00		4.80		2.370e-02		-50.662
2		0.00		4.40		2.339e-02		-50.663
2		0.00		4.00		2.315e-02		-51.728
2		0.00		3.60		2.315e-02		-48.319
2		0.00		3.20		2.356e-02		-49.280
2		0.00		2.80		2.309e-02		-49.716
2		0.00		2.40		2.287e-02		-49.704
2		0.00		2.00		2.313e-02		-48.404
2		0.00		1.60		2.305e-02		-50.748
2		0.00		1.20		2.258e-02		-49.986
2		0.00		0.80		2.287e-02		-50.463
2		0.00		0.40		2.287e-02		-48.409
2		0.00		0.00		2.234e-02		-48.128
2		0.00		-0.40		2.203e-02		-48.810
2		0.00		-0.80		2.171e-02		-48.297
2		0.00		-1.20		2.152e-02		-49.796
2		0.00		-1.60		2.138e-02		-49.871
2		0.00		-2.00		2.127e-02		-51.172
2		0.00		-2.40		2.076e-02		-49.465
2		0.00		-2.80		2.065e-02		-49.701
2		0.00		-3.20		1.964e-02		-49.559
2		0.00		-3.60		1.914e-02		-50.936
2		0.00		-4.00		1.909e-02		-50.944
2		0.00		-4.40		1.895e-02		-48.816
2		0.00		-4.80		1.853e-02		-49.756
2		0.00		-5.20		1.749e-02		-50.326
2		0.00		-5.60		1.675e-02		-48.734
2		0.00		-6.00		1.513e-02		-48.543
2		0.00		-6.40		1.428e-02		-45.068
2		0.00		-6.80		1.234e-02		-47.492
2		0.00		-7.20		1.061e-02		-42.796
2		0.00		-7.60		8.572e-03		-39.363
2		0.00		-8.00		5.351e-03		-40.211
2		0.00		-8.40		2.888e-03		-33.992
2		0.00		-8.80		1.704e-03		8.673
2		0.00		-9.20		2.483e-03		69.311
2		0.00		-9.60		3.606e-03		95.702
2		0.00		-10.00		5.091e-03		112.997
2		0.00		-9.60		6.330e-03		116.604
2		0.00		-9.20		7.026e-03		115.148
2		0.00		-8.80		7.096e-03		117.882
2		0.00		-8.40		7.703e-03		115.619
2		0.00		-8.00		7.782e-03		121.378
2		0.00		-7.60		7.671e-03		115.433
2		0.00		-7.20		7.332e-03		117.214
2		0.00		-6.80		7.118e-03		117.405
2		0.00		-6.40		6.802e-03		116.301
2		0.00		-6.00		6.416e-03		116.124
2		0.00		-5.60		6.135e-03		114.137
2		0.00		-5.20		5.600e-03		110.743
2		0.00		-4.80		5.777e-03		106.232
2		0.00		-4.40		5.288e-03		113.651
2		0.00		-4.00		5.220e-03		114.003
2		0.00		-3.60		4.906e-03		110.706
2		0.00		-3.20		5.088e-03		102.786
2		0.00		-2.80		4.839e-03		104.040
2		0.00		-2.40		5.192e-03		106.747
2		0.00		-2.00		4.742e-03		101.366
2		0.00		-1.60		4.663e-03		114.844
2		0.00		-1.20		4.534e-03		117.285
2		0.00		-0.80		4.240e-03		102.305
2		0.00		-0.40		4.346e-03		111.008
3		0.00		0.00		4.264e-03		106.395
3		0.00		0.40		3.720e-03		118.476
3		0.00		0.80		3.817e-03		114.136
3		0.00		1.20		3.630e-03		109.003
3		0.00		1.60		3.406e-03		95.343
3		0.00		2.00		3.293e-03		98.745
3		0.00		2.40		2.624e-03		80.768
3		0.00		2.80		2.332e-03		65.792
3		0.00		3.20		2.095e-03		59.619
3		0.00		3.60		1.746e-03		9.149
3		0.00		4.00		1.790e-03		-12.319
3		0.00		4.40		2.559e-03		-29.141
3		0.00		4.80		2.974e-03		-38.843
3		0.00		5.20		4.007e-03		-46.903
3		0.00		5.60		4.348e-03		-36.597
3		0.00		6.00		5.221e-03		-43.009
3		0.00		6.40		5.904e-03		-42.962
3		0.00		6.80		6.483e-03		-43.672
3		0.00		7.20		7.123e-03		-45.904
3		0.00		7.60		8.017e-03		-43.930
3		0.00		8.00		9.167e-03		-50.058
3		0.00		8.40		1.061e-02		-51.084
3		0.00		8.80		1.210e-02		-45.957
3		0.00		9.20		1.374e-02		-49.908
3		0.00		9.60		1.563e-02		-50.945
3		0.00		10.00		1.928e-02		-47.607
3		0.00		9.60		2.085e-02		-50.550
3		0.00		9.20		2.143e-02		-50.223
3		0.00		8.80		2.195e-02		-49.606
3		0.00		8.40		2.189e-02		-50.727
3		0.00		8.00		2.193e-02		-50.317
3		0.00		7.60		2.167e-02		-47.992
3		0.00		7.20		2.182e-02		-50.167
3		0.00		6.80		2.168e-02		-52.508
3		0.00		6.40		2.177e-02		-51.659
3		0.00		6.00		2.183e-02		-49.170
3		0.00		5.60		2.164e-02		-51.609
3		0.00		5.20		2.150e-02		-50.075
3		0.00		4.80		2.114e-02		-50.486
3		0.00		4.40		2.130e-02		-50.879
3		0.00		4.00		2.082e-02		-51.803
3		0.00		3.60		2.093e-02		-50.069
3		0.00		3.20		2.059e-02		-51.174
3		0.00		2.80		2.046e-02		-47.813
3		0.00		2.40		2.023e-02		-51.453
3		0.00		2.00		1.992e-02		-48.511
3		0.00		1.60		1.981e-02		-52.213
3		0.00		1.20		2.001e-02		-49.244
3		0.00		0.80		1.972e-02		-49.773
3		0.00		0.40		1.995e-02		-48.169
3		0.00		0.00		1.984e-02		-49.057
3		0.00		-0.40		1.962e-02		-47.239
3		0.00		-0.80		1.964e-02		-48.149
3		0.00		-1.20		1.944e-02		-48.895
3		0.00		-1.60		1.970e-02		-49.384
3		0.00		-2.00		1.925e-02		-47.738
3		0.00		-2.40		1.940e-02		-49.578
3		0.00		-2.80		1.879e-02		-46.618
3		0.00		-3.20		1.828e-02		-48.237
3		0.00		-3.60		1.818e-02		-46.985
3		0.00		-4.00		1.798e-02		-50.126
3		0.00		-4.40		1.760e-02		-48.660
3		0.00		-4.80		1.686e-02		-47.867
3		0.00		-5.20		1.599e-02		-50.307
3		0.00		-5.60		1.462e-02		-46.785
3		0.00		-6.00		1.412e-02		-46.852
3		0.00		-6.40		1.268e-02		-47.346
3		0.00		-6.80		1.125e-02		-47.638
3		0.00		-7.20		9.619e-03		-45.053
3		0.00		-7.60		8.211e-03		-46.641
3		0.00		-8.00		6.105e-03		-51.313
3		0.00		-8.40		3.158e-03		-34.791
3		0.00		-8.80		2.121e-03		-19.505
3		0.00		-9.20		1.992e-03		9.772
3		0.00		-9.60		2.641e-03		84.822
3		0.00		-10.00		3.836e-03		97.594
3		0.00		-9.60		4.788e-03		104.352
3		0.00		-9.20		5.422e-03		107.903
3		0.00		-8.80		5.191e-03		107.712
3		0.00		-8.40		5.583e-03		107.727
3		0.00		-8.00		6.467e-03		114.931
3		0.00		-7.60		6.619e-03		116.582
3		0.00		-7.20		6.319e-03		113.285
3		0.00		-6.80		6.192e-03		112.564
3		0.00		-6.40		5.711e-03		105.347
3		0.00		-6.00		5.448e-03		105.379
3		0.00		-5.60		5.591e-03		116.476
3		0.00		-5.20		5.223e-03		113.548
3		0.00		-4.80		5.274e-03		107.755
3		0.00		-4.40		5.077e-03		112.582
3		0.00		-4.00		5.166e-03		112.031
3		0.00		-3.60		4.670e-03		112.208
3		0.00		-3.20		4.885e-03		109.878
3		0.00		-2.80		4.420e-03		108.621
3		0.00		-2.40		4.199e-03		110.195
3		0.00		-2.00		4.606e-03		111.589
3		0.00		-1.60		4.606e-03		105.549
3		0.00		-1.20		4.303e-03		109.594
3		0.00		-0.80		4.298e-03		112.427
3		0.00		-0.40		4.238e-03		110.738
4		0.00		0.00		3.890e-03		98.313
4		0.00		0.40		3.779e-03		110.878
4		0.00		0.80		3.784e-03		104.205
4		0.00		1.20		3.402e-03		101.026
4		0.00		1.60		3.278e-03		89.554
4		0.00		2.00		2.870e-03		84.228
4		0.00		2.40		2.250e-03		67.403
4		0.00		2.80		2.374e-03		66.201
4		0.00		3.20		1.796e-03		25.774
4		0.00		3.60		1.861e-03		9.457
4		0.00		4.00		1.824e-03		-17.835
4		0.00		4.40		2.612e-03		-23.441
4		0.00		4.80		3.274e-03		-30.443
4		0.00		5.20		4.298e-03		-34.123
4		0.00		5.60		4.647e-03		-39.313
4		0.00		6.00		5.357e-03		-58.192
4		0.00		6.40		6.249e-03		-44.855
4		0.00		6.80		6.778e-03		-43.970
4		0.00		7.20		7.393e-03		-45.037
4		0.00		7.60		8.194e-03		-50.844
4		0.00		8.00		8.962e-03		-46.828
4		0.00		8.40		1.021e-02		-48.104
4		0.00		8.80		1.242e-02		-48.753
4		0.00		9.20		1.390e-02		-49.343
4		0.00		9.60		1.587e-02		-49.597
4		0.00		10.00		1.858e-02		-50.139
4		0.00		9.60		2.032e-02		-50.846
4		0.00		9.20		2.055e-02		-49.991
4		0.00		8.80		2.096e-02		-49.362
4		0.00		8.40		2.130e-02		-50.808
4		0.00		8.00		2.193e-02		-48.976
4		0.00		7.60		2.132e-02		-50.393
4		0.00		7.20		2.143e-02		-49.428
4		0.00		6.80		2.104e-02		-48.594
4		0.00		6.40		2.077e-02		-51.158
4		0.00		6.00		2.137e-02		-49.948
4		0.00		5.60		2.110e-02		-50.772
4		0.00		5.20		2.129e-02		-51.493
4		0.00		4.80		2.085e-02		-49.533
4		0.00		4.40		2.015e-02		-49.423
4		0.00		4.00		2.000e-02		-49.944
4		0.00		3.60		2.038e-02		-47.927
4		0.00		3.20		1.992e-02		-47.983
4		0.00		2.80		1.991e-02		-50.497
4		0.00		2.40		1.962e-02		-48.920
4		0.00		2.00		1.956e-02		-50.212
4		0.00		1.60		1.945e-02		-48.868
4		0.00		1.20		1.961e-02		-50.229
4		0.00		0.80		2.017e-02		-51.593
4		0.00		0.40		1.990e-02		-48.360
4		0.00		0.00		1.982e-02		-47.953
4		0.00		-0.40		1.979e-02		-49.471
4		0.00		-0.80		1.987e-02		-47.806
4		0.00		-1.20		1.931e-02		-47.516
4		0.00		-1.60		1.897e-02		-48.670
4		0.00		-2.00		1.902e-02		-49.601
4		0.00		-2.40		1.841e-02		-48.079
4		0.00		-2.80		1.797e-02		-49.378
4		0.00		-3.20		1.771e-02		-47.754
4		0.00		-3.60		1.725e-02		-50.890
4		0.00		-4.00		1.602e-02		-47.484
4		0.00		-4.40		1.622e-02		-47.653
4		0.00		-4.80		1.504e-02		-45.993
4		0.00		-5.20		1.446e-02		-49.299
4		0.00		-5.60		1.338e-02		-47.758
4		0.00		-6.00		1.249e-02		-48.330
4		0.00		-6.40		1.153e-02		-45.542
4		0.00		-6.80		1.029e-02		-45.129
4		0.00		-7.20		9.397e-03		-43.741
4		0.00		-7.60		7.404e-03		-41.274
4		0.00		-8.00		6.366e-03		-44.973
4		0.00		-8.40		4.665e-03		-34.407
4		0.00		-8.80		3.225e-03		-23.637
4		0.00		-9.20		2.255e-03		-4.524
4		0.00		-9.60		2.291e-03		64.424
4		0.00		-10.00		3.661e-03		98.659
4		0.00		-9.60		5.013e-03		108.077
4		0.00		-9.20		6.172e-03		112.270
4		0.00		-8.80		6.534e-03		115.062
4		0.00		-8.40		6.120e-03		114.337
4		0.00		-8.00		6.083e-03		115.856
4		0.00		-7.60		6.341e-03		118.156
4		0.00		-7.20		5.638e-03		120.074
4		0.00		-6.80		5.391e-03		106.371
4		0.00		-6.40		5.582e-03		109.673
4		0.00		-6.00		5.212e-03		111.009
4		0.00		-5.60		5.034e-03		110.497
4		0.00		-5.20		5.015e-03		111.838
4		0.00		-4.80		4.662e-03		112.141
4		0.00		-4.40		4.538e-03		110.452
4		0.00		-4.00		4.957e-03		109.566
4		0.00		-3.60		4.549e-03		110.682
4		0.00		-3.20		4.203e-03		108.553
4		0.00		-2.80		4.701e-03		108.007
4		0.00		-2.40		4.091e-03		115.289
4		0.00		-2.00		4.415e-03		109.963
4		0.00		-1.60		4.047e-03		109.273
4		0.00		-1.20		3.820e-03		109.258
4		0.00		-0.80		3.906e-03		110.958
4		0.00		-0.40		4.073e-03		105.945
5		0.00		0.00		3.890e-03		111.564
5		0.00		0.40		3.791e-03		103.028
5		0.00		0.80		3.432e-03		96.562
5		0.00		1.20		3.739e-03		99.118
5		0.00		1.60		3.372e-03		103.793
5		0.00		2.00		3.200e-03		97.342
5		0.00		2.40		2.759e-03		82.591
5		0.00		2.80		2.541e-03		70.241
5		0.00		3.20		1.988e-03		41.325
5		0.00		3.60		2.045e-03		6.098
5		0.00		4.00		1.984e-03		-3.995
5		0.00		4.40		2.875e-03		-24.576
5		0.00		4.80		3.411e-03		-36.517
5		0.00		5.20		4.075e-03		-35.718
5		0.00		5.60		5.105e-03		-45.327
5		0.00		6.00		5.449e-03		-40.721
5		0.00		6.40		6.004e-03		-48.392
5		0.00		6.80		6.694e-03		-55.038
5		0.00		7.20		7.403e-03		-47.094
5		0.00		7.60		7.961e-03		-50.923
5		0.00		8.00		8.951e-03		-49.086
5		0.00		8.40		9.951e-03		-47.230
5		0.00		8.80		1.160e-02		-52.535
5		0.00		9.20		1.291e-02		-46.534
5		0.00		9.60		1.455e-02		-47.714
5		0.00		10.00		1.630e-02		-50.255
5		0.00		9.60		1.733e-02		-49.940
5		0.00		9.20		1.826e-02		-48.938
5		0.00		8.80		1.863e-02		-49.575
5		0.00		8.40		1.919e-02		-49.801
5		0.00		8.00		1.938e-02		-48.089
5		0.00		7.60		1.948e-02		-51.132
5		0.00		7.20		1.910e-02		-51.550
5		0.00		6.80		1.881e-02		-49.493
5		0.00		6.40		1.892e-02		-48.763
5		0.00		6.00		1.919e-02		-48.891
5		0.00		5.60		1.885e-02		-51.263
5		0.00		5.20		1.853e-02		-46.552
5		0.00		4.80		1.845e-02		-52.030
5		0.00		4.40		1.838e-02		-49.543
5		0.00		4.00		1.844e-02		-48.737
5		0.00		3.60		1.817e-02		-49.414
5		0.00		3.20		1.817e-02		-49.342
5		0.00		2.80		1.833e-02		-49.988
5		0.00		2.40		1.830e-02		-47.083
5		0.00		2.00		1.809e-02		-47.633
5		0.00		1.60		1.832e-02		-47.791
5		0.00		1.20		1.809e-02		-48.614
5		0.00		0.80		1.805e-02		-48.577
5		0.00		0.40		1.777e-02		-49.587
5		0.00		0.00		1.760e-02		-47.503
5		0.00		-0.40		1.754e-02		-49.409
5		0.00		-0.80		1.743e-02		-49.029
5		0.00		-1.20		1.686e-02		-46.763
5		0.00		-1.60		1.689e-02		-47.389
5		0.00		-2.00		1.633e-02		-49.112
5		0.00		-2.40		1.580e-02		-48.108
5		0.00		-2.80		1.547e-02		-49.283
5		0.00		-3.20		1.576e-02		-48.958
5		0.00		-3.60		1.507e-02		-45.498
5		0.00		-4.00		1.485e-02		-46.208
5		0.00		-4.40		1.473e-02		-46.750
5		0.00		-4.80		1.410e-02		-47.999
5		0.00		-5.20		1.352e-02		-42.416
5		0.00		-5.60		1.290e-02		-47.756
5		0.00		-6.00		1.206e-02		-46.574
5		0.00		-6.40		1.070e-02		-46.742
5		0.00		-6.80		9.288e-03		-43.274
5		0.00		-7.20		8.334e-03		-44.763
5		0.00		-7.60		7.155e-03		-50.381
5		0.00		-8.00		5.367e-03		-35.481
5		0.00		-8.40		3.704e-03		-50.289
5		0.00		-8.80		2.206e-03		-12.688
5		0.00		-9.20		1.933e-03		14.440
5		0.00		-9.60		2.389e-03		66.709
5		0.00		-10.00		3.840e-03		102.811
5		0.00		-9.60		5.347e-03		106.256
5		0.00		-9.20		5.627e-03		110.507
5		0.00		-8.80		6.924e-03		106.231
5		0.00		-8.40		7.080e-03		110.279
5		0.00		-8.00		7.010e-03		117.739
5		0.00		-7.60		7.307e-03		118.889
5		0.00		-7.20		6.959e-03		114.218
5		0.00		-6.80		6.897e-03		113.316
5		0.00		-6.40		6.407e-03		115.992
5		0.00		-6.00		6.206e-03		117.647
5		0.00		-5.60		5.864e-03		114.646
5		0.00		-5.20		6.123e-03		112.258
5		0.00		-4.80		5.606e-03		110.684
5		0.00		-4.40		5.569e-03		113.629
5		0.00		-4.00		5.364e-03		114.227
5		0.00		-3.60		4.771e-03		107.106
5		0.00		-3.20		4.966e-03		113.533
5		0.00		-2.80		4.978e-03		110.321
5		0.00		-2.40		4.697e-03		107.529
5		0.00		-2.00		4.807e-03		108.167
5		0.00		-1.60		4.518e-03		110.727
5		0.00		-1.20		4.662e-03		109.790
5		0.00		-0.80		4.575e-03		109.218
5		0.00		-0.40		4.683e-03		111.163
6		0.00		0.00		4.780e-03		110.498
6		0.00		0.40		4.755e-03		112.718
6		0.00		0.80		4.373e-03		105.207
6		0.00		1.20		4.288e-03		111.223
6		0.00		1.60		3.869e-03		115.800
6		0.00		2.00		3.442e-03		111.299
6		0.00		2.40		3.052e-03		91.203
6		0.00		2.80		2.595e-03		76.157
6		0.00		3.20		1.962e-03		41.067
6		0.00		3.60		2.011e-03		19.394
6		0.00		4.00		1.948e-03		2.751
6		0.00		4.40		2.173e-03		-27.036
6		0.00		4.80		2.627e-03		-33.219
6		0.00		5.20		3.372e-03		-39.260
6		0.00		5.60		4.318e-03		-47.257
6		0.00		6.00		4.553e-03		-41.120
6		0.00		6.40		5.960e-03		-46.021
6		0.00		6.80		6.481e-03		-39.451
6		0.00		7.20		7.440e-03		-44.843
6		0.00		7.60		7.641e-03		-46.008
6		0.00		8.00		9.067e-03		-48.195
6		0.00		8.40		9.788e-03		-49.260
6		0.00		8.80		1.118e-02		-48.363
6		0.00		9.20		1.228e-02		-46.273
6		0.00		9.60		1.455e-02		-46.572
6		0.00		10.00		1.593e-02		-47.066
6		0.00		9.60		1.785e-02		-49.085
6		0.00		9.20		1.776e-02		-48.249
6		0.00		8.80		1.864e-02		-47.958
6		0.00		8.40		1.894e-02		-49.853
6		0.00		8.00		1.898e-02		-49.753
6		0.00		7.60		1.908e-02		-48.912
6		0.00		7.20		1.860e-02		-48.915
6		0.00		6.80		1.837e-02		-48.978
6		0.00		6.40		1.782e-02		-49.073
6		0.00		6.00		1.798e-02		-50.429
6		0.00		5.60		1.767e-02		-49.653
6		0.00		5.20		1.747e-02		-50.099
6		0.00		4.80		1.734e-02		-47.613
6		0.00		4.40		1.737e-02		-48.048
6		0.00		4.00		1.738e-02		-47.722
6		0.00		3.60		1.719e-02		-49.625
6		0.00		3.20		1.738e-02		-48.918
6		0.00		2.80		1.754e-02		-47.983
6		0.00		2.40		1.781e-02		-50.049
6		0.00		2.00		1.761e-02		-47.834
6		0.00		1.60		1.812e-02		-47.607
6		0.00		1.20		1.792e-02		-50.123
6		0.00		0.80		1.759e-02		-47.406
6		0.00		0.40		1.731e-02		-45.818
6		0.00		0.00		1.719e-02		-45.913
6		0.00		-0.40		1.677e-02		-47.187
6		0.00		-0.80		1.661e-02		-47.178
6		0.00		-1.20		1.656e-02		-47.911
6		0.00		-1.60		1.625e-02		-46.763
6		0.00		-2.00		1.601e-02		-47.147
6		0.00		-2.40		1.595e-02		-47.369
6		0.00		-2.80		1.539e-02		-49.079
6		0.00		-3.20		1.526e-02		-48.193
6		0.00		-3.60		1.486e-02		-48.945
6		0.00		-4.00		1.441e-02		-48.346
6		0.00		-4.40		1.410e-02		-45.283
6		0.00		-4.80		1.427e-02		-47.502
6		0.00		-5.20		1.329e-02		-51.615
6		0.00		-5.60		1.248e-02		-46.992
6		0.00		-6.00		1.171e-02		-45.675
6		0.00		-6.40		1.117e-02		-44.294
6		0.00		-6.80		9.597e-03		-44.174
6		0.00		-7.20		8.344e-03		-41.148
6		0.00		-7.60		7.112e-03		-39.080
6		0.00		-8.00		5.412e-03		-36.216
6		0.00		-8.40		4.142e-03		-43.727
6		0.00		-8.80		2.877e-03		-29.130
6		0.00		-9.20		1.996e-03		-32.155
6		0.00		-9.60		1.894e-03		13.176
6		0.00		-10.00		3.293e-03		85.874
6		0.00		-9.60		4.126e-03		97.574
6		0.00		-9.20		4.858e-03		108.164
6		0.00		-8.80		4.807e-03		108.050
6		0.00		-8.40		5.160e-03		109.700
6		0.00		-8.00		5.225e-03		106.158
6		0.00		-7.60		5.447e-03		104.107
6		0.00		-7.20		5.228e-03		111.883
6		0.00		-6.80		4.991e-03		110.218
6		0.00		-6.40		4.467e-03		107.217
6		0.00		-6.00		4.799e-03		106.582
6		0.00		-5.60		4.476e-03		110.221
6		0.00		-5.20		4.574e-03		107.562
6		0.00		-4.80		4.602e-03		108.883
6		0.00		-4.40		4.624e-03		106.129
6		0.00		-4.00		4.289e-03		106.171
6		0.00		-3.60		4.479e-03		109.891
6		0.00		-3.20		4.227e-03		105.952
6		0.00		-2.80		4.126e-03		109.372
6		0.00		-2.40		4.078e-03		105.844
6		0.00		-2.00		3.944e-03		105.490
6		0.00		-1.60		3.918e-03		107.207
6		0.00		-1.20		3.885e-03		105.492
6		0.00		-0.80		4.057e-03		107.995
6		0.00		-0.40		3.726e-03		98.581
7		0.00		0.00		3.845e-03		105.227
7		0.00		0.40		3.790e-03		111.433
7		0.00		0.80		3.655e-03		109.700
7		0.00		1.20		3.896e-03		106.592
7		0.00		1.60		3.625e-03		99.345
7		0.00		2.00		3.194e-03		98.112
7		0.00		2.40		2.310e-03		80.204
7		0.00		2.80		2.113e-03		56.069
7		0.00		3.20		1.787e-03		30.579
7		0.00		3.60		1.947e-03		-6.087
7		0.00		4.00		2.172e-03		-14.647
7		0.00		4.40		2.570e-03		-31.023
7		0.00		4.80		3.236e-03		-37.752
7		0.00		5.20		4.020e-03		-45.447
7		0.00		5.60		4.325e-03		-45.016
7		0.00		6.00		5.408e-03		-48.466
7		0.00		6.40		5.801e-03		-39.882
7		0.00		6.80		6.726e-03		-42.032
7		0.00		7.20		7.368e-03		-50.122
7		0.00		7.60		8.180e-03		-48.071
7		0.00		8.00		8.768e-03		-43.442
7		0.00		8.40		1.022e-02		-46.156
7		0.00		8.80		1.119e-02		-49.650
7		0.00		9.20		1.277e-02		-46.844
7		0.00		9.60		1.447e-02		-51.969
7		0.00		10.00		1.602e-02		-49.798
7		0.00		9.60		1.747e-02		-49.343
7		0.00		9.20		1.854e-02		-50.222
7		0.00		8.80		1.866e-02		-48.530
7		0.00		8.40		1.825e-02		-50.153
7		0.00		8.00		1.860e-02		-51.122
7		0.00		7.60		1.841e-02		-51.111
7		0.00		7.20		1.831e-02		-49.798
7		0.00		6.80		1.870e-02		-50.880
7		0.00		6.40		1.864e-02		-49.984
7		0.00		6.00		1.821e-02		-52.283
7		0.00		5.60		1.792e-02		-48.961
7		0.00		5.20		1.815e-02		-48.655
7		0.00		4.80		1.790e-02		-49.882
7		0.00		4.40		1.774e-02		-49.730
7		0.00		4.00		1.808e-02		-49.790
7		0.00		3.60		1.809e-02		-47.929
7		0.00		3.20		1.789e-02		-48.326
7		0.00		2.80		1.792e-02		-49.412
7		0.00		2.40		1.743e-02		-48.620
7		0.00		2.00		1.724e-02		-48.953
7		0.00		1.60		1.745e-02		-47.815
7		0.00		1.20		1.764e-02		-48.521
7		0.00		0.80		1.721e-02		-47.184
7		0.00		0.40		1.724e-02		-48.829
7		0.00		0.00		1.715e-02		-48.407
7		0.00		-0.40		1.705e-02		-48.866
7		0.00		-0.80		1.688e-02		-45.787
7		0.00		-1.20		1.696e-02		-48.034
7		0.00		-1.60		1.626e-02		-49.494
7		0.00		-2.00		1.630e-02		-47.583
7		0.00		-2.40		1.607e-02		-47.022
7		0.00		-2.80		1.608e-02		-48.091
7		0.00		-3.20		1.537e-02		-50.463
7		0.00		-3.60		1.515e-02		-45.803
7		0.00		-4.00		1.467e-02		-46.106
7		0.00		-4.40		1.468e-02		-48.296
7		0.00		-4.80		1.402e-02		-47.547
7		0.00		-5.20		1.338e-02		-47.570
7		0.00		-5.60		1.252e-02		-46.840
7		0.00		-6.00		1.186e-02		-47.505
7		0.00		-6.40		1.089e-02		-48.979
7		0.00		-6.80		9.927e-03		-45.984
7		0.00		-7.20		8.582e-03		-43.113
7		0.00		-7.60		8.027e-03		-45.603
7		0.00		-8.00		6.199e-03		-51.398
7		0.00		-8.40		4.742e-03		-31.937
7		0.00		-8.80		2.272e-03		-4.804
7		0.00		-9.20		2.028e-03		16.473
7		0.00		-9.60		2.389e-03		64.629
7		0.00		-10.00		3.467e-03		96.987
7		0.00		-9.60		4.273e-03		110.148
7		0.00		-9.20		4.547e-03		112.878
7		0.00		-8.80		5.449e-03		110.780
7		0.00		-8.40		5.371e-03		110.891
7		0.00		-8.00		5.207e-03		103.386
7		0.00		-7.60		5.090e-03		106.490
7		0.00		-7.20		4.975e-03		108.942
7		0.00		-6.80		4.659e-03		112.728
7		0.00		-6.40		4.655e-03		108.224
7		0.00		-6.00		4.675e-03		111.036
7		0.00		-5.60		4.125e-03		109.087
7		0.00		-5.20		4.249e-03		110.985
7		0.00		-4.80		3.753e-03		98.088
7		0.00		-4.40		4.049e-03		105.995
7		0.00		-4.00		4.058e-03		104.030
7		0.00		-3.60		3.712e-03		104.556
7		0.00		-3.20		3.781e-03		102.180
7		0.00		-2.80		3.808e-03		105.789
7		0.00		-2.40		3.803e-03		112.504
7		0.00		-2.00		3.946e-03		105.357
7		0.00		-1.60		3.577e-03		102.746
7		0.00		-1.20		3.782e-03		102.231
7		0.00		-0.80		3.554e-03		101.704
7		0.00		-0.40		3.608e-03		107.275
8		0.00		0.00		3.761e-03		101.449
8		0.00		0.40		3.379e-03		96.107
8		0.00		0.80		3.256e-03		104.662
8		0.00		1.20		3.461e-03		92.135
8		0.00		1.60		3.213e-03		107.281
8		0.00		2.00		2.878e-03		95.625
8		0.00		2.40		2.640e-03		82.097
8		0.00		2.80		2.373e-03		71.138
8		0.00		3.20		2.166e-03		36.989
8		0.00		3.60		1.876e-03		37.237
8		0.00		4.00		2.104e-03		-15.415
8		0.00		4.40		2.349e-03		-30.241
8		0.00		4.80		2.969e-03		-45.720
8		0.00		5.20		3.800e-03		-41.203
8		0.00		5.60		4.303e-03		-44.555
8		0.00		6.00		5.195e-03		-40.815
8		0.00		6.40		5.938e-03		-47.415
8		0.00		6.80		6.412e-03		-46.439
8		0.00		7.20		7.025e-03		-40.893
8		0.00		7.60		7.760e-03		-47.512
8		0.00		8.00		8.575e-03		-48.090
8		0.00		8.40		9.210e-03		-52.527
8		0.00		8.80		1.140e-02		-48.743
8		0.00		9.20		1.292e-02		-46.163
8		0.00		9.60		1.423e-02		-49.755
8		0.00		10.00		1.649e-02		-49.583
8		0.00		9.60		1.725e-02		-47.742
8		0.00		9.20		1.849e-02		-49.137
8		0.00		8.80		1.928e-02		-47.488
8		0.00		8.40		1.887e-02		-48.934
8		0.00		8.00		1.926e-02		-47.812
8		0.00		7.60		1.903e-02		-48.954
8		0.00		7.20		1.888e-02		-48.902
8		0.00		6.80		1.895e-02		-48.596
8		0.00		6.40		1.885e-02		-48.720
8		0.00		6.00		1.902e-02		-52.537
8		0.00		5.60		1.884e-02		-50.451
8		0.00		5.20		1.871e-02		-47.331
8		0.00		4.80		1.817e-02		-50.289
8		0.00		4.40		1.830e-02		-50.122
8		0.00		4.00		1.841e-02		-50.063
8		0.00		3.60		1.865e-02		-46.042
8		0.00		3.20		1.813e-02		-48.821
8		0.00		2.80		1.829e-02		-46.285
8		0.00		2.40		1.825e-02		-47.200
8		0.00		2.00		1.806e-02		-49.090
8		0.00		1.60		1.808e-02		-46.820
8		0.00		1.20		1.884e-02		-49.562
8		0.00		0.80		1.809e-02		-47.547
8		0.00		0.40		1.762e-02		-50.246
8		0.00		0.00		1.790e-02		-46.982
8		0.00		-0.40		1.798e-02		-47.826
8		0.00		-0.80		1.763e-02		-48.730
8		0.00		-1.20		1.738e-02		-46.964
8		0.00		-1.60		1.744e-02		-49.266
8		0.00		-2.00		1.696e-02		-48.321
8		0.00		-2.40		1.691e-02		-46.895
8		0.00		-2.80		1.666e-02		-48.152
8		0.00		-3.20		1.627e-02		-49.688
8		0.00		-3.60		1.607e-02		-49.376
8		0.00		-4.00		1.534e-02		-46.793
8		0.00		-4.40		1.503e-02		-48.238
8		0.00		-4.80		1.464e-02		-45.810
8		0.00		-5.20		1.364e-02		-44.618
8		0.00		-5.60		1.342e-02		-48.728
8		0.00		-6.00		1.278e-02		-48.381
8		0.00		-6.40		1.155e-02		-46.674
8		0.00		-6.80		1.079e-02		-44.400
8		0.00		-7.20		9.382e-03		-44.783
8		0.00		-7.60		8.074e-03		-50.817
8		0.00		-8.00		6.354e-03		-38.594
8		0.00		-8.40		5.278e-03		-38.181
8		0.00		-8.80		4.448e-03		-40.692
8		0.00		-9.20		2.786e-03		-33.417
8		0.00		-9.60		2.092e-03		23.064
8		0.00		-10.00		2.307e-03		53.246
8		0.00		-9.60		3.128e-03		83.845
8		0.00		-9.20		4.118e-03		98.543
8		0.00		-8.80		4.806e-03		108.562
8		0.00		-8.40		4.696e-03		110.763
8		0.00		-8.00		4.674e-03		107.777
8		0.00		-7.60		4.417e-03		109.214
8		0.00		-7.20		4.075e-03		106.943
8		0.00		-6.80		4.378e-03		106.169
8		0.00		-6.40		4.176e-03		105.265
8		0.00		-6.00		3.841e-03		104.302
8		0.00		-5.60		3.916e-03		107.014
8		0.00		-5.20		4.122e-03		109.410
8		0.00		-4.80		3.911e-03		105.895
8		0.00		-4.40		3.850e-03		106.837
8		0.00		-4.00		3.998e-03		111.562
8		0.00		-3.60		3.820e-03		97.393
8		0.00		-3.20		3.760e-03		98.100
8		0.00		-2.80		3.954e-03		103.498
8		0.00		-2.40		3.721e-03		105.792
8		0.00		-2.00		3.612e-03		103.309
8		0.00		-1.60		3.301e-03		98.249
8		0.00		-1.20		3.543e-03		102.452
8		0.00		-0.80		3.387e-03		93.373
8		0.00		-0.40		3.540e-03		105.228
