# Date of analysis: 2023-10-17 09;56
# 
# Loop index	Read Volt (V)	Write Volt (V)	Amplitude (a.u)	Phase (deg)	
1		0.00		0.00		2.138e-02		-52.048
1		0.00		0.40		2.004e-02		-51.754
1		0.00		0.80		1.992e-02		-48.560
1		0.00		1.20		1.925e-02		-48.883
1		0.00		1.60		1.911e-02		-45.637
1		0.00		2.00		1.903e-02		-48.370
1		0.00		2.40		1.885e-02		-48.224
1		0.00		2.80		1.937e-02		-50.915
1		0.00		3.20		1.954e-02		-51.052
1		0.00		3.60		1.998e-02		-44.600
1		0.00		4.00		2.004e-02		-46.094
1		0.00		4.40		2.086e-02		-46.166
1		0.00		4.80		2.280e-02		-46.259
1		0.00		5.20		2.462e-02		-45.735
1		0.00		5.60		2.589e-02		-45.863
1		0.00		6.00		2.885e-02		-45.582
1		0.00		6.40		3.063e-02		-46.570
1		0.00		6.80		3.418e-02		-46.970
1		0.00		7.20		3.695e-02		-48.551
1		0.00		7.60		4.199e-02		-45.915
1		0.00		8.00		4.677e-02		-50.905
1		0.00		8.40		4.911e-02		-47.295
1		0.00		8.80		4.973e-02		-47.740
1		0.00		9.20		4.896e-02		-50.932
1		0.00		9.60		5.057e-02		-49.338
1		0.00		10.00		4.838e-02		-50.537
1		0.00		9.60		4.821e-02		-51.252
1		0.00		9.20		4.725e-02		-53.712
1		0.00		8.80		4.660e-02		-53.110
1		0.00		8.40		4.498e-02		-54.913
1		0.00		8.00		4.472e-02		-54.347
1		0.00		7.60		4.448e-02		-56.026
1		0.00		7.20		4.347e-02		-54.536
1		0.00		6.80		4.339e-02		-54.700
1		0.00		6.40		4.176e-02		-55.242
1		0.00		6.00		4.090e-02		-52.725
1		0.00		5.60		4.053e-02		-53.209
1		0.00		5.20		3.914e-02		-52.278
1		0.00		4.80		3.920e-02		-52.248
1		0.00		4.40		3.825e-02		-51.757
1		0.00		4.00		3.780e-02		-51.578
1		0.00		3.60		3.676e-02		-52.072
1		0.00		3.20		3.533e-02		-51.348
1		0.00		2.80		3.409e-02		-52.213
1		0.00		2.40		3.353e-02		-50.748
1		0.00		2.00		3.333e-02		-50.531
1		0.00		1.60		3.285e-02		-50.757
1		0.00		1.20		3.305e-02		-51.199
1		0.00		0.80		3.185e-02		-51.046
1		0.00		0.40		3.156e-02		-50.056
1		0.00		0.00		3.097e-02		-50.468
1		0.00		-0.40		3.039e-02		-49.653
1		0.00		-0.80		2.771e-02		-48.137
1		0.00		-1.20		2.324e-02		-50.848
1		0.00		-1.60		2.018e-02		-50.017
1		0.00		-2.00		1.600e-02		-53.618
1		0.00		-2.40		1.221e-02		-53.979
1		0.00		-2.80		9.045e-03		-51.426
1		0.00		-3.20		5.825e-03		-25.133
1		0.00		-3.60		5.061e-03		44.161
1		0.00		-4.00		5.793e-03		73.050
1		0.00		-4.40		7.538e-03		89.996
1		0.00		-4.80		1.090e-02		103.280
1		0.00		-5.20		1.317e-02		110.416
1		0.00		-5.60		1.663e-02		115.640
1		0.00		-6.00		2.049e-02		118.097
1		0.00		-6.40		2.061e-02		118.607
1		0.00		-6.80		2.515e-02		123.297
1		0.00		-7.20		2.352e-02		121.053
1		0.00		-7.60		2.700e-02		122.741
1		0.00		-8.00		2.951e-02		125.231
1		0.00		-8.40		3.006e-02		125.470
1		0.00		-8.80		3.088e-02		125.868
1		0.00		-9.20		3.359e-02		126.265
1		0.00		-9.60		3.434e-02		126.659
1		0.00		-10.00		3.306e-02		126.439
1		0.00		-9.60		3.479e-02		126.517
1		0.00		-9.20		3.253e-02		124.937
1		0.00		-8.80		3.314e-02		126.196
1		0.00		-8.40		3.246e-02		126.273
1		0.00		-8.00		3.189e-02		124.971
1		0.00		-7.60		3.094e-02		124.034
1		0.00		-7.20		2.998e-02		124.639
1		0.00		-6.80		2.837e-02		124.266
1		0.00		-6.40		2.807e-02		124.722
1		0.00		-6.00		2.569e-02		123.320
1		0.00		-5.60		2.676e-02		125.160
1		0.00		-5.20		2.428e-02		124.683
1		0.00		-4.80		2.347e-02		126.034
1		0.00		-4.40		2.193e-02		123.820
1		0.00		-4.00		2.049e-02		126.831
1		0.00		-3.60		1.936e-02		125.945
1		0.00		-3.20		1.875e-02		124.931
1		0.00		-2.80		1.772e-02		126.093
1		0.00		-2.40		1.710e-02		126.161
1		0.00		-2.00		1.597e-02		126.579
1		0.00		-1.60		1.545e-02		125.857
1		0.00		-1.20		1.353e-02		126.011
1		0.00		-0.80		1.255e-02		125.941
1		0.00		-0.40		1.140e-02		120.841
2		0.00		0.00		1.041e-02		124.433
2		0.00		0.40		9.603e-03		124.823
2		0.00		0.80		8.202e-03		121.281
2		0.00		1.20		7.588e-03		119.068
2		0.00		1.60		6.406e-03		118.923
2		0.00		2.00		4.940e-03		112.905
2		0.00		2.40		3.508e-03		90.553
2		0.00		2.80		2.339e-03		24.746
2		0.00		3.20		2.655e-03		-55.063
2		0.00		3.60		5.084e-03		-58.547
2		0.00		4.00		8.509e-03		-51.923
2		0.00		4.40		1.137e-02		-56.058
2		0.00		4.80		1.449e-02		-54.248
2		0.00		5.20		1.737e-02		-53.878
2		0.00		5.60		2.141e-02		-53.557
2		0.00		6.00		2.411e-02		-51.914
2		0.00		6.40		2.610e-02		-52.898
2		0.00		6.80		2.912e-02		-52.055
2		0.00		7.20		3.082e-02		-52.800
2		0.00		7.60		3.216e-02		-53.550
2		0.00		8.00		3.530e-02		-52.402
2		0.00		8.40		3.547e-02		-52.518
2		0.00		8.80		3.764e-02		-52.933
2		0.00		9.20		3.901e-02		-52.652
2		0.00		9.60		4.042e-02		-53.703
2		0.00		10.00		4.085e-02		-53.528
2		0.00		9.60		4.036e-02		-53.638
2		0.00		9.20		3.854e-02		-54.528
2		0.00		8.80		3.779e-02		-53.410
2		0.00		8.40		3.674e-02		-52.763
2		0.00		8.00		3.532e-02		-51.476
2		0.00		7.60		3.406e-02		-51.784
2		0.00		7.20		3.474e-02		-52.218
2		0.00		6.80		3.329e-02		-52.154
2		0.00		6.40		3.186e-02		-52.362
2		0.00		6.00		3.084e-02		-53.024
2		0.00		5.60		3.011e-02		-51.905
2		0.00		5.20		2.818e-02		-51.336
2		0.00		4.80		2.755e-02		-51.248
2		0.00		4.40		2.771e-02		-52.394
2		0.00		4.00		2.641e-02		-51.150
2		0.00		3.60		2.633e-02		-53.247
2		0.00		3.20		2.592e-02		-50.718
2		0.00		2.80		2.522e-02		-51.563
2		0.00		2.40		2.519e-02		-50.372
2		0.00		2.00		2.526e-02		-50.245
2		0.00		1.60		2.459e-02		-52.104
2		0.00		1.20		2.425e-02		-51.326
2		0.00		0.80		2.413e-02		-51.728
2		0.00		0.40		2.352e-02		-52.047
2		0.00		0.00		2.260e-02		-51.500
2		0.00		-0.40		2.082e-02		-54.778
2		0.00		-0.80		1.790e-02		-50.749
2		0.00		-1.20		1.571e-02		-51.861
2		0.00		-1.60		1.221e-02		-49.949
2		0.00		-2.00		9.157e-03		-55.312
2		0.00		-2.40		6.448e-03		-55.189
2		0.00		-2.80		4.420e-03		-15.184
2		0.00		-3.20		4.074e-03		38.159
2		0.00		-3.60		5.531e-03		79.448
2		0.00		-4.00		7.799e-03		99.951
2		0.00		-4.40		9.423e-03		104.226
2		0.00		-4.80		1.388e-02		116.186
2		0.00		-5.20		1.554e-02		121.770
2		0.00		-5.60		1.867e-02		121.592
2		0.00		-6.00		2.143e-02		128.366
2		0.00		-6.40		2.323e-02		130.604
2		0.00		-6.80		2.546e-02		127.918
2		0.00		-7.20		2.792e-02		131.047
2		0.00		-7.60		2.978e-02		129.776
2		0.00		-8.00		3.116e-02		129.776
2		0.00		-8.40		3.336e-02		129.254
2		0.00		-8.80		3.422e-02		128.976
2		0.00		-9.20		3.506e-02		129.962
2		0.00		-9.60		3.607e-02		128.675
2		0.00		-10.00		3.429e-02		127.334
2		0.00		-9.60		3.527e-02		127.150
2		0.00		-9.20		3.634e-02		127.731
2		0.00		-8.80		3.488e-02		127.986
2		0.00		-8.40		3.591e-02		124.320
2		0.00		-8.00		3.325e-02		124.496
2		0.00		-7.60		3.467e-02		124.098
2		0.00		-7.20		3.205e-02		124.435
2		0.00		-6.80		3.146e-02		126.901
2		0.00		-6.40		3.066e-02		126.611
2		0.00		-6.00		2.878e-02		126.689
2		0.00		-5.60		2.765e-02		128.526
2		0.00		-5.20		2.708e-02		128.530
2		0.00		-4.80		2.385e-02		127.551
2		0.00		-4.40		2.301e-02		129.350
2		0.00		-4.00		2.092e-02		130.163
2		0.00		-3.60		2.007e-02		127.970
2		0.00		-3.20		1.842e-02		129.546
2		0.00		-2.80		1.727e-02		129.765
2		0.00		-2.40		1.579e-02		129.332
2		0.00		-2.00		1.478e-02		131.670
2		0.00		-1.60		1.375e-02		128.896
2		0.00		-1.20		1.249e-02		126.669
2		0.00		-0.80		1.148e-02		120.339
2		0.00		-0.40		1.043e-02		124.096
3		0.00		0.00		9.838e-03		118.838
3		0.00		0.40		8.733e-03		123.117
3		0.00		0.80		7.937e-03		120.905
3		0.00		1.20		6.904e-03		117.614
3		0.00		1.60		5.609e-03		108.336
3		0.00		2.00		4.671e-03		100.547
3		0.00		2.40		3.063e-03		69.357
3		0.00		2.80		2.440e-03		35.293
3		0.00		3.20		2.711e-03		-14.453
3		0.00		3.60		3.612e-03		-49.777
3		0.00		4.00		6.611e-03		-58.732
3		0.00		4.40		9.038e-03		-57.289
3		0.00		4.80		1.300e-02		-52.994
3		0.00		5.20		1.633e-02		-56.423
3		0.00		5.60		1.980e-02		-54.195
3		0.00		6.00		2.306e-02		-52.963
3		0.00		6.40		2.644e-02		-53.441
3		0.00		6.80		2.857e-02		-52.017
3		0.00		7.20		3.102e-02		-52.038
3		0.00		7.60		3.215e-02		-52.234
3		0.00		8.00		3.476e-02		-50.987
3		0.00		8.40		3.685e-02		-51.503
3		0.00		8.80		3.838e-02		-48.955
3		0.00		9.20		4.151e-02		-49.213
3		0.00		9.60		4.113e-02		-50.468
3		0.00		10.00		4.301e-02		-49.802
3		0.00		9.60		4.328e-02		-49.136
3		0.00		9.20		4.378e-02		-47.968
3		0.00		8.80		4.397e-02		-48.226
3		0.00		8.40		4.366e-02		-49.124
3		0.00		8.00		4.120e-02		-50.077
3		0.00		7.60		3.830e-02		-51.348
3		0.00		7.20		3.676e-02		-46.632
3		0.00		6.80		3.594e-02		-50.449
3		0.00		6.40		3.600e-02		-53.536
3		0.00		6.00		3.491e-02		-53.528
3		0.00		5.60		3.341e-02		-51.666
3		0.00		5.20		3.282e-02		-50.878
3		0.00		4.80		3.239e-02		-50.528
3		0.00		4.40		3.155e-02		-51.286
3		0.00		4.00		3.142e-02		-49.574
3		0.00		3.60		3.148e-02		-50.012
3		0.00		3.20		3.162e-02		-51.566
3		0.00		2.80		3.055e-02		-51.074
3		0.00		2.40		3.009e-02		-51.163
3		0.00		2.00		2.992e-02		-51.427
3		0.00		1.60		2.937e-02		-49.468
3		0.00		1.20		3.007e-02		-50.044
3		0.00		0.80		2.933e-02		-50.539
3		0.00		0.40		2.885e-02		-50.062
3		0.00		0.00		2.829e-02		-50.521
3		0.00		-0.40		2.668e-02		-50.583
3		0.00		-0.80		2.494e-02		-52.518
3		0.00		-1.20		2.265e-02		-50.621
3		0.00		-1.60		1.927e-02		-49.883
3		0.00		-2.00		1.433e-02		-54.338
3		0.00		-2.40		9.012e-03		-52.956
3		0.00		-2.80		6.443e-03		-57.562
3		0.00		-3.20		4.376e-03		-30.923
3		0.00		-3.60		3.996e-03		50.950
3		0.00		-4.00		5.971e-03		94.395
3		0.00		-4.40		9.074e-03		113.686
3		0.00		-4.80		1.200e-02		119.560
3		0.00		-5.20		1.515e-02		126.654
3		0.00		-5.60		2.017e-02		129.887
3		0.00		-6.00		2.143e-02		130.508
3		0.00		-6.40		2.450e-02		129.723
3		0.00		-6.80		2.818e-02		130.255
3		0.00		-7.20		2.942e-02		129.222
3		0.00		-7.60		3.193e-02		130.263
3		0.00		-8.00		3.489e-02		129.192
3		0.00		-8.40		3.583e-02		128.686
3		0.00		-8.80		3.914e-02		128.388
3		0.00		-9.20		3.883e-02		127.351
3		0.00		-9.60		4.040e-02		125.013
3		0.00		-10.00		4.015e-02		124.201
3		0.00		-9.60		3.953e-02		124.994
3		0.00		-9.20		3.981e-02		124.085
3		0.00		-8.80		3.897e-02		127.441
3		0.00		-8.40		3.832e-02		128.078
3		0.00		-8.00		3.727e-02		128.785
3		0.00		-7.60		3.620e-02		130.123
3		0.00		-7.20		3.501e-02		129.577
3		0.00		-6.80		3.413e-02		130.149
3		0.00		-6.40		3.195e-02		128.636
3		0.00		-6.00		3.083e-02		129.114
3		0.00		-5.60		2.954e-02		130.156
3		0.00		-5.20		2.812e-02		128.584
3		0.00		-4.80		2.649e-02		130.274
3		0.00		-4.40		2.491e-02		129.318
3		0.00		-4.00		2.407e-02		126.399
3		0.00		-3.60		2.172e-02		125.574
3		0.00		-3.20		2.103e-02		125.987
3		0.00		-2.80		1.938e-02		125.406
3		0.00		-2.40		1.802e-02		124.881
3		0.00		-2.00		1.677e-02		125.040
3		0.00		-1.60		1.568e-02		129.397
3		0.00		-1.20		1.447e-02		130.214
3		0.00		-0.80		1.355e-02		130.499
3		0.00		-0.40		1.270e-02		130.374
4		0.00		0.00		1.099e-02		128.201
4		0.00		0.40		9.986e-03		124.579
4		0.00		0.80		9.194e-03		125.566
4		0.00		1.20		8.093e-03		121.010
4		0.00		1.60		7.087e-03		124.610
4		0.00		2.00		6.040e-03		116.986
4		0.00		2.40		4.530e-03		111.784
4		0.00		2.80		3.436e-03		87.570
4		0.00		3.20		2.453e-03		27.647
4		0.00		3.60		2.441e-03		-13.910
4		0.00		4.00		3.940e-03		-59.327
4		0.00		4.40		6.070e-03		-59.636
4		0.00		4.80		9.640e-03		-56.249
4		0.00		5.20		1.395e-02		-53.260
4		0.00		5.60		1.845e-02		-55.005
4		0.00		6.00		2.301e-02		-52.702
4		0.00		6.40		2.664e-02		-52.488
4		0.00		6.80		3.076e-02		-50.789
4		0.00		7.20		3.413e-02		-48.956
4		0.00		7.60		3.813e-02		-50.325
4		0.00		8.00		4.085e-02		-47.636
4		0.00		8.40		4.372e-02		-53.642
4		0.00		8.80		4.398e-02		-52.232
4		0.00		9.20		4.552e-02		-49.316
4		0.00		9.60		4.556e-02		-49.881
4		0.00		10.00		4.453e-02		-50.743
4		0.00		9.60		4.327e-02		-51.520
4		0.00		9.20		4.486e-02		-51.863
4		0.00		8.80		4.374e-02		-50.396
4		0.00		8.40		4.360e-02		-50.330
4		0.00		8.00		4.214e-02		-50.658
4		0.00		7.60		4.114e-02		-50.045
4		0.00		7.20		4.173e-02		-50.884
4		0.00		6.80		3.997e-02		-47.736
4		0.00		6.40		3.913e-02		-49.082
4		0.00		6.00		3.801e-02		-51.759
4		0.00		5.60		3.797e-02		-51.969
4		0.00		5.20		3.687e-02		-50.412
4		0.00		4.80		3.699e-02		-51.868
4		0.00		4.40		3.586e-02		-52.043
4		0.00		4.00		3.530e-02		-50.918
4		0.00		3.60		3.486e-02		-49.944
4		0.00		3.20		3.508e-02		-51.518
4		0.00		2.80		3.465e-02		-50.643
4		0.00		2.40		3.386e-02		-51.660
4		0.00		2.00		3.276e-02		-53.003
4		0.00		1.60		3.198e-02		-55.064
4		0.00		1.20		3.095e-02		-54.103
4		0.00		0.80		3.044e-02		-54.228
4		0.00		0.40		3.006e-02		-52.552
4		0.00		0.00		2.987e-02		-50.073
4		0.00		-0.40		2.898e-02		-51.570
4		0.00		-0.80		2.706e-02		-53.117
4		0.00		-1.20		2.446e-02		-52.600
4		0.00		-1.60		2.054e-02		-52.648
4		0.00		-2.00		1.628e-02		-53.228
4		0.00		-2.40		1.245e-02		-57.238
4		0.00		-2.80		8.121e-03		-52.460
4		0.00		-3.20		4.621e-03		-26.001
4		0.00		-3.60		5.033e-03		69.625
4		0.00		-4.00		7.666e-03		106.828
4		0.00		-4.40		1.020e-02		109.055
4		0.00		-4.80		1.299e-02		117.557
4		0.00		-5.20		1.609e-02		123.845
4		0.00		-5.60		2.030e-02		127.603
4		0.00		-6.00		2.347e-02		128.917
4		0.00		-6.40		2.735e-02		130.048
4		0.00		-6.80		2.867e-02		128.663
4		0.00		-7.20		3.400e-02		128.903
4		0.00		-7.60		3.641e-02		127.096
4		0.00		-8.00		3.891e-02		128.916
4		0.00		-8.40		3.980e-02		125.963
4		0.00		-8.80		4.061e-02		125.818
4		0.00		-9.20		3.971e-02		125.671
4		0.00		-9.60		3.969e-02		128.189
4		0.00		-10.00		4.058e-02		130.310
4		0.00		-9.60		4.009e-02		130.483
4		0.00		-9.20		3.968e-02		129.557
4		0.00		-8.80		4.044e-02		128.493
4		0.00		-8.40		3.896e-02		128.032
4		0.00		-8.00		3.874e-02		127.567
4		0.00		-7.60		3.731e-02		126.491
4		0.00		-7.20		3.680e-02		124.291
4		0.00		-6.80		3.297e-02		125.573
4		0.00		-6.40		3.289e-02		127.341
4		0.00		-6.00		3.022e-02		128.566
4		0.00		-5.60		2.876e-02		128.857
4		0.00		-5.20		2.787e-02		128.588
4		0.00		-4.80		2.594e-02		130.097
4		0.00		-4.40		2.488e-02		128.866
4		0.00		-4.00		2.435e-02		127.526
4		0.00		-3.60		2.242e-02		128.323
4		0.00		-3.20		2.165e-02		127.799
4		0.00		-2.80		1.940e-02		124.769
4		0.00		-2.40		1.899e-02		129.099
4		0.00		-2.00		1.735e-02		131.435
4		0.00		-1.60		1.569e-02		128.959
4		0.00		-1.20		1.477e-02		129.909
4		0.00		-0.80		1.366e-02		127.346
4		0.00		-0.40		1.293e-02		127.998
5		0.00		0.00		1.193e-02		127.417
5		0.00		0.40		1.082e-02		126.045
5		0.00		0.80		9.686e-03		124.951
5		0.00		1.20		8.773e-03		123.595
5		0.00		1.60		7.755e-03		129.216
5		0.00		2.00		6.507e-03		123.772
5		0.00		2.40		5.185e-03		112.113
5		0.00		2.80		3.996e-03		94.621
5		0.00		3.20		3.053e-03		68.499
5		0.00		3.60		2.520e-03		2.440
5		0.00		4.00		3.820e-03		-58.714
5		0.00		4.40		5.976e-03		-56.111
5		0.00		4.80		8.535e-03		-55.963
5		0.00		5.20		1.259e-02		-56.363
5		0.00		5.60		1.746e-02		-51.106
5		0.00		6.00		2.145e-02		-53.647
5		0.00		6.40		2.546e-02		-53.183
5		0.00		6.80		2.964e-02		-52.839
5		0.00		7.20		3.195e-02		-51.087
5		0.00		7.60		3.499e-02		-47.557
5		0.00		8.00		3.745e-02		-53.138
5		0.00		8.40		3.876e-02		-51.893
5		0.00		8.80		4.019e-02		-50.932
5		0.00		9.20		4.141e-02		-50.499
5		0.00		9.60		4.228e-02		-49.321
5		0.00		10.00		4.503e-02		-49.296
5		0.00		9.60		4.570e-02		-49.468
5		0.00		9.20		4.657e-02		-48.851
5		0.00		8.80		4.329e-02		-53.114
5		0.00		8.40		4.148e-02		-50.379
5		0.00		8.00		4.033e-02		-49.829
5		0.00		7.60		3.973e-02		-49.941
5		0.00		7.20		3.810e-02		-50.355
5		0.00		6.80		3.755e-02		-51.182
5		0.00		6.40		3.713e-02		-50.568
5		0.00		6.00		3.641e-02		-50.674
5		0.00		5.60		3.479e-02		-50.966
5		0.00		5.20		3.392e-02		-51.436
5		0.00		4.80		3.391e-02		-52.190
5		0.00		4.40		3.306e-02		-51.038
5		0.00		4.00		3.290e-02		-51.318
5		0.00		3.60		3.363e-02		-51.282
5		0.00		3.20		3.404e-02		-50.955
5		0.00		2.80		3.366e-02		-50.980
5		0.00		2.40		3.225e-02		-52.168
5		0.00		2.00		3.178e-02		-52.863
5		0.00		1.60		3.179e-02		-51.001
5		0.00		1.20		3.085e-02		-50.854
5		0.00		0.80		2.985e-02		-50.488
5		0.00		0.40		2.980e-02		-51.627
5		0.00		0.00		3.049e-02		-51.263
5		0.00		-0.40		2.740e-02		-51.669
5		0.00		-0.80		2.565e-02		-53.251
5		0.00		-1.20		2.310e-02		-52.815
5		0.00		-1.60		1.915e-02		-55.129
5		0.00		-2.00		1.527e-02		-55.315
5		0.00		-2.40		1.079e-02		-55.312
5		0.00		-2.80		7.473e-03		-53.853
5		0.00		-3.20		4.341e-03		-18.761
5		0.00		-3.60		4.385e-03		52.079
5		0.00		-4.00		6.394e-03		91.547
5		0.00		-4.40		9.000e-03		109.589
5		0.00		-4.80		1.243e-02		114.014
5		0.00		-5.20		1.533e-02		122.340
5		0.00		-5.60		1.878e-02		130.292
5		0.00		-6.00		2.269e-02		131.627
5		0.00		-6.40		2.631e-02		130.379
5		0.00		-6.80		2.990e-02		128.601
5		0.00		-7.20		3.166e-02		126.871
5		0.00		-7.60		3.427e-02		124.962
5		0.00		-8.00		3.476e-02		124.747
5		0.00		-8.40		3.656e-02		126.517
5		0.00		-8.80		3.591e-02		129.640
5		0.00		-9.20		3.678e-02		129.131
5		0.00		-9.60		3.912e-02		127.875
5		0.00		-10.00		3.889e-02		128.149
5		0.00		-9.60		3.989e-02		128.272
5		0.00		-9.20		4.058e-02		126.514
5		0.00		-8.80		3.964e-02		127.133
5		0.00		-8.40		3.882e-02		128.669
5		0.00		-8.00		3.796e-02		129.570
5		0.00		-7.60		3.567e-02		129.853
5		0.00		-7.20		3.448e-02		129.805
5		0.00		-6.80		3.375e-02		129.352
5		0.00		-6.40		3.376e-02		129.216
5		0.00		-6.00		3.204e-02		128.186
5		0.00		-5.60		3.087e-02		126.964
5		0.00		-5.20		2.981e-02		124.105
5		0.00		-4.80		2.744e-02		125.227
5		0.00		-4.40		2.647e-02		127.867
5		0.00		-4.00		2.448e-02		128.742
5		0.00		-3.60		2.335e-02		129.142
5		0.00		-3.20		2.177e-02		128.722
5		0.00		-2.80		2.034e-02		128.254
5		0.00		-2.40		2.014e-02		127.696
5		0.00		-2.00		1.879e-02		128.671
5		0.00		-1.60		1.756e-02		127.969
5		0.00		-1.20		1.641e-02		127.458
5		0.00		-0.80		1.493e-02		121.213
5		0.00		-0.40		1.418e-02		124.562
6		0.00		0.00		1.281e-02		127.864
6		0.00		0.40		1.190e-02		130.193
6		0.00		0.80		1.084e-02		129.538
6		0.00		1.20		1.009e-02		131.636
6		0.00		1.60		8.649e-03		125.807
6		0.00		2.00		7.722e-03		122.603
6		0.00		2.40		6.507e-03		123.355
6		0.00		2.80		5.415e-03		110.266
6		0.00		3.20		3.578e-03		89.943
6		0.00		3.60		2.415e-03		-18.506
6		0.00		4.00		4.003e-03		-56.919
6		0.00		4.40		7.870e-03		-59.854
6		0.00		4.80		1.041e-02		-57.419
6		0.00		5.20		1.466e-02		-51.784
6		0.00		5.60		1.868e-02		-51.331
6		0.00		6.00		2.228e-02		-53.518
6		0.00		6.40		2.704e-02		-51.626
6		0.00		6.80		3.019e-02		-51.318
6		0.00		7.20		3.340e-02		-52.005
6		0.00		7.60		3.710e-02		-50.472
6		0.00		8.00		3.887e-02		-50.170
6		0.00		8.40		4.038e-02		-55.213
6		0.00		8.80		4.208e-02		-55.028
6		0.00		9.20		4.195e-02		-51.463
6		0.00		9.60		4.315e-02		-50.878
6		0.00		10.00		4.392e-02		-51.357
6		0.00		9.60		4.287e-02		-50.655
6		0.00		9.20		4.239e-02		-50.870
6		0.00		8.80		4.157e-02		-50.575
6		0.00		8.40		4.171e-02		-49.459
6		0.00		8.00		4.121e-02		-49.995
6		0.00		7.60		4.017e-02		-50.252
6		0.00		7.20		3.855e-02		-50.952
6		0.00		6.80		3.731e-02		-50.262
6		0.00		6.40		3.668e-02		-50.674
6		0.00		6.00		3.625e-02		-52.096
6		0.00		5.60		3.546e-02		-51.178
6		0.00		5.20		3.512e-02		-50.763
6		0.00		4.80		3.346e-02		-49.965
6		0.00		4.40		3.247e-02		-51.055
6		0.00		4.00		3.209e-02		-51.333
6		0.00		3.60		3.199e-02		-51.798
6		0.00		3.20		3.111e-02		-51.690
6		0.00		2.80		3.130e-02		-51.178
6		0.00		2.40		3.134e-02		-51.287
6		0.00		2.00		3.087e-02		-49.868
6		0.00		1.60		2.979e-02		-51.324
6		0.00		1.20		2.932e-02		-49.246
6		0.00		0.80		2.968e-02		-52.275
6		0.00		0.40		2.938e-02		-50.912
6		0.00		0.00		2.884e-02		-53.097
6		0.00		-0.40		2.813e-02		-52.713
6		0.00		-0.80		2.536e-02		-52.367
6		0.00		-1.20		2.404e-02		-53.523
6		0.00		-1.60		1.938e-02		-52.766
6		0.00		-2.00		1.616e-02		-51.458
6		0.00		-2.40		1.154e-02		-57.001
6		0.00		-2.80		7.292e-03		-63.583
6		0.00		-3.20		5.038e-03		-41.131
6		0.00		-3.60		4.492e-03		41.970
6		0.00		-4.00		6.318e-03		85.716
6		0.00		-4.40		9.961e-03		114.545
6		0.00		-4.80		1.481e-02		122.837
6		0.00		-5.20		1.856e-02		122.719
6		0.00		-5.60		2.196e-02		124.305
6		0.00		-6.00		2.401e-02		122.501
6		0.00		-6.40		2.768e-02		124.822
6		0.00		-6.80		3.152e-02		124.966
6		0.00		-7.20		3.389e-02		126.210
6		0.00		-7.60		3.527e-02		126.391
6		0.00		-8.00		3.656e-02		127.388
6		0.00		-8.40		4.075e-02		127.722
6		0.00		-8.80		4.012e-02		127.164
6		0.00		-9.20		4.090e-02		125.639
6		0.00		-9.60		4.036e-02		126.989
6		0.00		-10.00		4.249e-02		124.550
6		0.00		-9.60		4.200e-02		125.772
6		0.00		-9.20		4.134e-02		125.746
6		0.00		-8.80		4.125e-02		124.347
6		0.00		-8.40		4.019e-02		126.031
6		0.00		-8.00		3.926e-02		126.505
6		0.00		-7.60		3.864e-02		126.046
6		0.00		-7.20		3.640e-02		127.222
6		0.00		-6.80		3.533e-02		127.499
6		0.00		-6.40		3.420e-02		128.624
6		0.00		-6.00		3.241e-02		128.648
6		0.00		-5.60		3.162e-02		128.629
6		0.00		-5.20		2.977e-02		127.276
6		0.00		-4.80		2.833e-02		129.882
6		0.00		-4.40		2.747e-02		130.109
6		0.00		-4.00		2.614e-02		130.065
6		0.00		-3.60		2.407e-02		130.262
6		0.00		-3.20		2.276e-02		129.179
6		0.00		-2.80		2.118e-02		129.688
6		0.00		-2.40		1.958e-02		129.945
6		0.00		-2.00		1.813e-02		128.551
6		0.00		-1.60		1.720e-02		128.288
6		0.00		-1.20		1.563e-02		127.495
6		0.00		-0.80		1.449e-02		127.850
6		0.00		-0.40		1.306e-02		129.443
7		0.00		0.00		1.203e-02		123.262
7		0.00		0.40		1.107e-02		121.336
7		0.00		0.80		1.002e-02		128.106
7		0.00		1.20		8.855e-03		122.435
7		0.00		1.60		7.832e-03		123.585
7		0.00		2.00		6.925e-03		119.645
7		0.00		2.40		5.792e-03		114.895
7		0.00		2.80		4.826e-03		112.878
7		0.00		3.20		3.197e-03		69.417
7		0.00		3.60		2.555e-03		9.730
7		0.00		4.00		3.727e-03		-55.626
7		0.00		4.40		6.988e-03		-52.652
7		0.00		4.80		1.072e-02		-58.518
7		0.00		5.20		1.403e-02		-56.594
7		0.00		5.60		1.832e-02		-54.420
7		0.00		6.00		2.203e-02		-53.051
7		0.00		6.40		2.651e-02		-55.527
7		0.00		6.80		2.900e-02		-53.553
7		0.00		7.20		3.166e-02		-54.234
7		0.00		7.60		3.567e-02		-54.328
7		0.00		8.00		3.623e-02		-55.100
7		0.00		8.40		3.872e-02		-51.981
7		0.00		8.80		4.032e-02		-53.135
7		0.00		9.20		4.205e-02		-47.755
7		0.00		9.60		4.399e-02		-50.672
7		0.00		10.00		4.582e-02		-50.548
7		0.00		9.60		4.638e-02		-50.141
7		0.00		9.20		4.493e-02		-47.041
7		0.00		8.80		4.346e-02		-48.137
7		0.00		8.40		4.268e-02		-51.410
7		0.00		8.00		4.242e-02		-52.269
7		0.00		7.60		4.151e-02		-49.255
7		0.00		7.20		3.966e-02		-50.957
7		0.00		6.80		3.793e-02		-50.132
7		0.00		6.40		3.715e-02		-51.208
7		0.00		6.00		3.678e-02		-50.642
7		0.00		5.60		3.580e-02		-50.759
7		0.00		5.20		3.499e-02		-51.328
7		0.00		4.80		3.474e-02		-51.999
7		0.00		4.40		3.406e-02		-51.612
7		0.00		4.00		3.303e-02		-51.875
7		0.00		3.60		3.255e-02		-51.150
7		0.00		3.20		3.176e-02		-51.542
7		0.00		2.80		3.143e-02		-51.533
7		0.00		2.40		3.114e-02		-51.370
7		0.00		2.00		3.085e-02		-52.602
7		0.00		1.60		2.984e-02		-51.133
7		0.00		1.20		2.948e-02		-50.950
7		0.00		0.80		2.889e-02		-50.936
7		0.00		0.40		2.829e-02		-50.932
7		0.00		0.00		2.766e-02		-52.597
7		0.00		-0.40		2.695e-02		-51.805
7		0.00		-0.80		2.442e-02		-51.698
7		0.00		-1.20		2.175e-02		-52.898
7		0.00		-1.60		1.830e-02		-51.623
7		0.00		-2.00		1.419e-02		-56.304
7		0.00		-2.40		1.065e-02		-55.424
7		0.00		-2.80		7.685e-03		-57.314
7		0.00		-3.20		5.084e-03		-29.293
7		0.00		-3.60		4.714e-03		64.685
7		0.00		-4.00		7.537e-03		102.363
7		0.00		-4.40		1.023e-02		110.371
7		0.00		-4.80		1.384e-02		117.769
7		0.00		-5.20		1.877e-02		125.688
7		0.00		-5.60		2.223e-02		125.287
7		0.00		-6.00		2.492e-02		128.078
7		0.00		-6.40		2.860e-02		129.435
7		0.00		-6.80		3.164e-02		130.309
7		0.00		-7.20		3.411e-02		130.630
7		0.00		-7.60		3.484e-02		130.484
7		0.00		-8.00		3.731e-02		130.353
7		0.00		-8.40		3.858e-02		130.192
7		0.00		-8.80		3.956e-02		131.253
7		0.00		-9.20		4.129e-02		128.426
7		0.00		-9.60		4.240e-02		128.400
7		0.00		-10.00		4.231e-02		125.621
7		0.00		-9.60		4.279e-02		125.275
7		0.00		-9.20		4.139e-02		124.021
7		0.00		-8.80		4.153e-02		124.206
7		0.00		-8.40		4.117e-02		123.038
7		0.00		-8.00		4.041e-02		124.810
7		0.00		-7.60		4.029e-02		126.024
7		0.00		-7.20		3.772e-02		127.030
7		0.00		-6.80		3.639e-02		127.186
7		0.00		-6.40		3.534e-02		127.769
7		0.00		-6.00		3.383e-02		129.205
7		0.00		-5.60		3.219e-02		130.344
7		0.00		-5.20		3.043e-02		130.205
7		0.00		-4.80		2.949e-02		130.163
7		0.00		-4.40		2.796e-02		130.816
7		0.00		-4.00		2.599e-02		129.952
7		0.00		-3.60		2.418e-02		129.253
7		0.00		-3.20		2.311e-02		129.035
7		0.00		-2.80		2.124e-02		127.937
7		0.00		-2.40		1.997e-02		128.114
7		0.00		-2.00		1.874e-02		124.152
7		0.00		-1.60		1.749e-02		123.789
7		0.00		-1.20		1.627e-02		127.707
7		0.00		-0.80		1.481e-02		126.641
7		0.00		-0.40		1.409e-02		125.754
8		0.00		0.00		1.267e-02		128.030
8		0.00		0.40		1.196e-02		129.677
8		0.00		0.80		1.078e-02		132.752
8		0.00		1.20		9.654e-03		130.956
8		0.00		1.60		8.342e-03		130.081
8		0.00		2.00		7.185e-03		128.585
8		0.00		2.40		6.262e-03		117.217
8		0.00		2.80		4.783e-03		105.305
8		0.00		3.20		3.822e-03		76.652
8		0.00		3.60		2.861e-03		21.926
8		0.00		4.00		2.888e-03		-48.150
8		0.00		4.40		4.282e-03		-59.829
8		0.00		4.80		8.300e-03		-56.088
8		0.00		5.20		1.185e-02		-51.453
8		0.00		5.60		1.646e-02		-55.903
8		0.00		6.00		2.057e-02		-52.501
8		0.00		6.40		2.469e-02		-54.369
8		0.00		6.80		2.817e-02		-52.702
8		0.00		7.20		3.191e-02		-52.388
8		0.00		7.60		3.470e-02		-54.802
8		0.00		8.00		3.697e-02		-55.953
8		0.00		8.40		4.057e-02		-52.619
8		0.00		8.80		4.246e-02		-51.987
8		0.00		9.20		4.405e-02		-51.491
8		0.00		9.60		4.504e-02		-51.268
8		0.00		10.00		4.447e-02		-49.431
8		0.00		9.60		4.359e-02		-48.533
8		0.00		9.20		4.296e-02		-48.310
8		0.00		8.80		4.238e-02		-49.279
8		0.00		8.40		4.150e-02		-48.899
8		0.00		8.00		4.208e-02		-50.587
8		0.00		7.60		4.070e-02		-52.499
8		0.00		7.20		3.951e-02		-49.574
8		0.00		6.80		3.801e-02		-50.629
8		0.00		6.40		3.650e-02		-49.948
8		0.00		6.00		3.601e-02		-50.764
8		0.00		5.60		3.454e-02		-50.981
8		0.00		5.20		3.347e-02		-51.171
8		0.00		4.80		3.292e-02		-51.300
8		0.00		4.40		3.230e-02		-49.827
8		0.00		4.00		3.159e-02		-50.483
8		0.00		3.60		3.184e-02		-51.490
8		0.00		3.20		3.105e-02		-50.377
8		0.00		2.80		3.131e-02		-54.318
8		0.00		2.40		3.074e-02		-52.135
8		0.00		2.00		3.056e-02		-51.277
8		0.00		1.60		3.019e-02		-50.343
8		0.00		1.20		2.955e-02		-50.580
8		0.00		0.80		2.913e-02		-50.340
8		0.00		0.40		2.836e-02		-51.346
8		0.00		0.00		2.739e-02		-51.174
8		0.00		-0.40		2.669e-02		-50.610
8		0.00		-0.80		2.449e-02		-49.881
8		0.00		-1.20		2.249e-02		-50.351
8		0.00		-1.60		1.977e-02		-51.568
8		0.00		-2.00		1.535e-02		-51.090
8		0.00		-2.40		1.126e-02		-58.496
8		0.00		-2.80		6.957e-03		-52.112
8		0.00		-3.20		5.004e-03		-33.876
8		0.00		-3.60		4.244e-03		51.089
8		0.00		-4.00		6.390e-03		82.662
8		0.00		-4.40		9.138e-03		108.046
8		0.00		-4.80		1.288e-02		110.179
8		0.00		-5.20		1.643e-02		120.580
8		0.00		-5.60		2.054e-02		120.884
8		0.00		-6.00		2.383e-02		126.643
8		0.00		-6.40		2.605e-02		128.666
8		0.00		-6.80		2.991e-02		129.575
8		0.00		-7.20		3.323e-02		129.914
8		0.00		-7.60		3.343e-02		129.346
8		0.00		-8.00		3.634e-02		129.393
8		0.00		-8.40		3.956e-02		128.579
8		0.00		-8.80		3.892e-02		126.856
8		0.00		-9.20		4.012e-02		125.515
8		0.00		-9.60		4.224e-02		124.475
8		0.00		-10.00		4.185e-02		125.689
8		0.00		-9.60		4.229e-02		125.348
8		0.00		-9.20		4.324e-02		127.166
8		0.00		-8.80		4.157e-02		128.383
8		0.00		-8.40		4.232e-02		128.338
8		0.00		-8.00		3.921e-02		127.367
8		0.00		-7.60		3.840e-02		129.927
8		0.00		-7.20		3.755e-02		129.203
8		0.00		-6.80		3.606e-02		130.238
8		0.00		-6.40		3.479e-02		130.511
8		0.00		-6.00		3.412e-02		129.787
8		0.00		-5.60		3.275e-02		129.507
8		0.00		-5.20		3.142e-02		130.761
8		0.00		-4.80		3.020e-02		131.042
8		0.00		-4.40		2.837e-02		129.724
8		0.00		-4.00		2.703e-02		129.699
8		0.00		-3.60		2.532e-02		126.525
8		0.00		-3.20		2.441e-02		127.494
8		0.00		-2.80		2.241e-02		127.816
8		0.00		-2.40		2.108e-02		125.861
8		0.00		-2.00		1.962e-02		124.382
8		0.00		-1.60		1.851e-02		124.257
8		0.00		-1.20		1.681e-02		129.473
8		0.00		-0.80		1.584e-02		122.782
8		0.00		-0.40		1.419e-02		123.608
