# Date of analysis: 2023-11-20 16;19
# 
# Loop index	Read Volt (V)	Write Volt (V)	Amplitude (a.u)	Phase (deg)	Sigma Amp (a.u)	Sigma Pha (deg)	
1		0.00		0.00		9.524e-03		-45.869		3.009e-03		20.514
1		0.00		0.40		9.558e-03		-45.836		2.866e-03		17.694
1		0.00		0.80		9.350e-03		-48.422		2.980e-03		19.888
1		0.00		1.20		9.657e-03		-50.669		3.077e-03		19.730
1		0.00		1.60		9.411e-03		-51.193		2.999e-03		22.691
1		0.00		2.00		9.666e-03		-48.088		2.945e-03		22.667
1		0.00		2.40		9.896e-03		-51.053		3.356e-03		21.837
1		0.00		2.80		9.892e-03		-50.826		3.271e-03		22.646
1		0.00		3.20		9.795e-03		-51.091		3.482e-03		21.835
1		0.00		3.60		9.859e-03		-53.021		3.319e-03		25.565
1		0.00		4.00		1.050e-02		-53.334		3.376e-03		22.516
1		0.00		4.40		1.111e-02		-54.200		3.778e-03		25.421
1		0.00		4.80		1.190e-02		-56.398		4.344e-03		22.442
1		0.00		5.20		1.247e-02		-53.550		4.018e-03		22.295
1		0.00		5.60		1.287e-02		-56.356		4.144e-03		23.783
1		0.00		6.00		1.378e-02		-56.910		4.081e-03		20.794
1		0.00		6.40		1.422e-02		-56.496		4.340e-03		25.519
1		0.00		6.80		1.521e-02		-58.533		4.852e-03		19.903
1		0.00		7.20		1.575e-02		-57.604		4.416e-03		20.516
1		0.00		7.60		1.595e-02		-57.818		4.980e-03		19.462
1		0.00		8.00		1.706e-02		-58.634		4.836e-03		21.729
1		0.00		8.40		1.753e-02		-56.488		5.093e-03		19.699
1		0.00		8.80		1.825e-02		-59.633		5.592e-03		22.525
1		0.00		9.20		1.962e-02		-56.460		5.794e-03		20.670
1		0.00		9.60		2.050e-02		-57.118		5.913e-03		20.690
1		0.00		10.00		2.135e-02		-56.774		6.014e-03		21.217
1		0.00		9.60		2.182e-02		-57.676		6.409e-03		22.194
1		0.00		9.20		2.262e-02		-57.453		6.498e-03		18.903
1		0.00		8.80		2.313e-02		-56.577		6.421e-03		18.011
1		0.00		8.40		2.273e-02		-53.353		6.159e-03		18.020
1		0.00		8.00		2.303e-02		-55.351		6.578e-03		19.140
1		0.00		7.60		2.274e-02		-55.401		6.594e-03		20.039
1		0.00		7.20		2.279e-02		-55.659		6.461e-03		18.401
1		0.00		6.80		2.230e-02		-57.889		6.553e-03		20.760
1		0.00		6.40		2.264e-02		-55.835		6.567e-03		18.931
1		0.00		6.00		2.254e-02		-54.885		6.441e-03		19.572
1		0.00		5.60		2.231e-02		-54.586		6.033e-03		19.595
1		0.00		5.20		2.171e-02		-56.080		5.921e-03		17.985
1		0.00		4.80		2.143e-02		-54.413		5.812e-03		16.997
1		0.00		4.40		2.156e-02		-54.472		5.731e-03		17.936
1		0.00		4.00		2.161e-02		-53.456		5.805e-03		16.828
1		0.00		3.60		2.108e-02		-55.432		5.569e-03		18.907
1		0.00		3.20		2.126e-02		-55.308		5.565e-03		18.305
1		0.00		2.80		2.058e-02		-56.818		5.853e-03		20.111
1		0.00		2.40		2.130e-02		-53.703		5.994e-03		18.789
1		0.00		2.00		2.066e-02		-54.109		6.070e-03		20.870
1		0.00		1.60		2.045e-02		-54.568		6.097e-03		20.359
1		0.00		1.20		1.988e-02		-53.537		6.205e-03		21.400
1		0.00		0.80		1.954e-02		-55.020		6.259e-03		19.987
1		0.00		0.40		2.007e-02		-55.448		6.166e-03		18.787
1		0.00		0.00		1.996e-02		-55.562		6.165e-03		20.052
1		0.00		-0.40		1.943e-02		-53.628		5.908e-03		20.186
1		0.00		-0.80		1.936e-02		-55.348		5.917e-03		21.150
1		0.00		-1.20		1.898e-02		-56.132		5.627e-03		20.505
1		0.00		-1.60		1.942e-02		-53.931		5.531e-03		21.379
1		0.00		-2.00		1.846e-02		-54.538		5.356e-03		20.425
1		0.00		-2.40		1.864e-02		-53.759		5.352e-03		20.196
1		0.00		-2.80		1.778e-02		-52.225		5.281e-03		19.840
1		0.00		-3.20		1.719e-02		-56.373		5.227e-03		19.520
1		0.00		-3.60		1.719e-02		-54.555		4.859e-03		18.588
1		0.00		-4.00		1.595e-02		-50.688		4.685e-03		16.921
1		0.00		-4.40		1.564e-02		-52.858		4.683e-03		20.236
1		0.00		-4.80		1.467e-02		-51.483		4.334e-03		19.896
1		0.00		-5.20		1.436e-02		-55.648		4.591e-03		19.682
1		0.00		-5.60		1.334e-02		-51.755		4.122e-03		20.623
1		0.00		-6.00		1.277e-02		-44.399		3.575e-03		20.380
1		0.00		-6.40		1.166e-02		-50.425		3.729e-03		18.153
1		0.00		-6.80		1.098e-02		-48.493		3.647e-03		17.474
1		0.00		-7.20		1.030e-02		-43.424		2.927e-03		18.709
1		0.00		-7.60		8.551e-03		-35.338		2.539e-03		21.995
1		0.00		-8.00		7.967e-03		-38.407		2.468e-03		22.343
1		0.00		-8.40		6.525e-03		-29.798		2.300e-03		24.778
1		0.00		-8.80		5.642e-03		-39.476		1.998e-03		23.649
1		0.00		-9.20		4.135e-03		-9.727		1.539e-03		29.316
1		0.00		-9.60		3.078e-03		-14.678		1.362e-03		32.802
1		0.00		-10.00		2.731e-03		31.514		9.692e-04		38.844
1		0.00		-9.60		2.189e-03		8.469		9.231e-04		52.052
1		0.00		-9.20		2.648e-03		64.345		1.071e-03		45.976
1		0.00		-8.80		2.779e-03		73.142		1.232e-03		44.035
1		0.00		-8.40		3.030e-03		72.146		1.083e-03		41.835
1		0.00		-8.00		3.020e-03		65.344		1.245e-03		53.902
1		0.00		-7.60		3.241e-03		87.304		1.176e-03		38.089
1		0.00		-7.20		3.274e-03		94.690		1.175e-03		37.150
1		0.00		-6.80		3.046e-03		72.286		1.239e-03		42.473
1		0.00		-6.40		3.091e-03		67.241		1.245e-03		50.801
1		0.00		-6.00		3.128e-03		75.762		1.275e-03		35.400
1		0.00		-5.60		2.885e-03		72.265		1.163e-03		48.132
1		0.00		-5.20		2.815e-03		75.249		1.193e-03		44.921
1		0.00		-4.80		2.940e-03		70.288		1.182e-03		36.816
1		0.00		-4.40		2.513e-03		52.659		1.038e-03		43.071
1		0.00		-4.00		2.578e-03		62.908		1.229e-03		52.129
1		0.00		-3.60		2.609e-03		53.544		1.245e-03		55.432
1		0.00		-3.20		2.792e-03		61.745		1.163e-03		53.081
1		0.00		-2.80		2.323e-03		65.441		9.730e-04		47.113
1		0.00		-2.40		2.223e-03		51.408		9.990e-04		59.375
1		0.00		-2.00		2.471e-03		60.954		1.058e-03		50.516
1		0.00		-1.60		2.320e-03		55.422		9.816e-04		53.838
1		0.00		-1.20		2.374e-03		36.463		9.820e-04		48.301
1		0.00		-0.80		2.345e-03		38.091		9.522e-04		49.769
1		0.00		-0.40		2.250e-03		41.773		9.308e-04		54.429
2		0.00		0.00		1.946e-03		27.702		7.565e-04		48.133
2		0.00		0.40		2.095e-03		46.424		7.798e-04		58.535
2		0.00		0.80		2.140e-03		35.460		1.050e-03		50.771
2		0.00		1.20		1.999e-03		-4.241		8.849e-04		58.070
2		0.00		1.60		2.198e-03		12.672		8.929e-04		41.321
2		0.00		2.00		2.265e-03		2.841		8.354e-04		50.394
2		0.00		2.40		2.688e-03		-13.797		1.073e-03		43.738
2		0.00		2.80		3.095e-03		-22.255		1.188e-03		34.257
2		0.00		3.20		3.599e-03		-32.597		1.173e-03		28.946
2		0.00		3.60		4.417e-03		-36.596		1.477e-03		24.120
2		0.00		4.00		5.073e-03		-53.544		1.727e-03		22.896
2		0.00		4.40		6.199e-03		-36.752		1.522e-03		22.822
2		0.00		4.80		6.961e-03		-46.349		1.964e-03		17.985
2		0.00		5.20		7.537e-03		-51.506		1.950e-03		20.164
2		0.00		5.60		8.597e-03		-49.294		2.221e-03		19.493
2		0.00		6.00		8.830e-03		-50.857		2.470e-03		19.920
2		0.00		6.40		9.393e-03		-56.556		2.406e-03		22.802
2		0.00		6.80		9.959e-03		-51.422		2.557e-03		20.521
2		0.00		7.20		1.113e-02		-47.153		2.884e-03		20.040
2		0.00		7.60		1.188e-02		-51.674		3.202e-03		20.915
2		0.00		8.00		1.255e-02		-50.809		3.341e-03		21.198
2		0.00		8.40		1.386e-02		-51.714		3.755e-03		19.466
2		0.00		8.80		1.483e-02		-52.990		4.343e-03		18.355
2		0.00		9.20		1.608e-02		-58.865		4.871e-03		21.692
2		0.00		9.60		1.667e-02		-56.103		5.096e-03		24.510
2		0.00		10.00		1.840e-02		-58.290		5.946e-03		21.369
2		0.00		9.60		1.871e-02		-57.258		5.603e-03		22.508
2		0.00		9.20		1.942e-02		-56.479		6.132e-03		20.565
2		0.00		8.80		1.971e-02		-57.679		5.968e-03		19.655
2		0.00		8.40		1.934e-02		-58.390		6.064e-03		20.386
2		0.00		8.00		1.977e-02		-57.881		5.857e-03		20.644
2		0.00		7.60		1.968e-02		-56.789		5.576e-03		21.693
2		0.00		7.20		1.958e-02		-56.098		5.551e-03		19.075
2		0.00		6.80		1.949e-02		-57.598		5.319e-03		20.101
2		0.00		6.40		1.944e-02		-56.235		5.384e-03		19.039
2		0.00		6.00		1.915e-02		-57.097		5.243e-03		19.048
2		0.00		5.60		1.934e-02		-55.150		5.112e-03		20.547
2		0.00		5.20		1.900e-02		-56.578		5.346e-03		19.752
2		0.00		4.80		1.870e-02		-56.735		5.110e-03		21.794
2		0.00		4.40		1.916e-02		-53.343		5.192e-03		20.925
2		0.00		4.00		1.908e-02		-55.006		5.354e-03		19.499
2		0.00		3.60		1.855e-02		-55.608		5.282e-03		20.410
2		0.00		3.20		1.812e-02		-55.440		5.092e-03		20.017
2		0.00		2.80		1.874e-02		-52.538		5.122e-03		19.371
2		0.00		2.40		1.853e-02		-52.542		5.257e-03		19.529
2		0.00		2.00		1.874e-02		-51.991		5.154e-03		19.176
2		0.00		1.60		1.834e-02		-54.098		5.311e-03		20.124
2		0.00		1.20		1.838e-02		-56.249		5.547e-03		20.189
2		0.00		0.80		1.843e-02		-54.736		5.503e-03		19.086
2		0.00		0.40		1.866e-02		-51.477		5.280e-03		17.264
2		0.00		0.00		1.885e-02		-54.628		5.161e-03		18.967
2		0.00		-0.40		1.823e-02		-52.147		5.037e-03		19.231
2		0.00		-0.80		1.835e-02		-52.386		5.098e-03		18.590
2		0.00		-1.20		1.803e-02		-52.388		4.892e-03		19.380
2		0.00		-1.60		1.792e-02		-53.538		4.792e-03		18.361
2		0.00		-2.00		1.771e-02		-51.780		4.489e-03		16.315
2		0.00		-2.40		1.729e-02		-52.172		4.571e-03		16.890
2		0.00		-2.80		1.712e-02		-52.262		4.650e-03		18.141
2		0.00		-3.20		1.626e-02		-52.953		4.302e-03		18.511
2		0.00		-3.60		1.582e-02		-52.331		4.396e-03		19.398
2		0.00		-4.00		1.524e-02		-54.501		4.416e-03		19.581
2		0.00		-4.40		1.442e-02		-54.951		4.121e-03		20.463
2		0.00		-4.80		1.382e-02		-52.482		3.998e-03		20.212
2		0.00		-5.20		1.262e-02		-55.077		4.019e-03		20.290
2		0.00		-5.60		1.181e-02		-51.253		3.821e-03		20.888
2		0.00		-6.00		1.139e-02		-52.338		3.510e-03		20.867
2		0.00		-6.40		9.710e-03		-47.520		3.222e-03		24.472
2		0.00		-6.80		8.319e-03		-44.782		3.102e-03		28.436
2		0.00		-7.20		7.609e-03		-40.921		2.813e-03		26.099
2		0.00		-7.60		6.510e-03		-49.081		2.539e-03		24.227
2		0.00		-8.00		6.190e-03		-40.144		2.126e-03		20.349
2		0.00		-8.40		5.265e-03		-22.692		1.811e-03		23.036
2		0.00		-8.80		3.639e-03		-24.876		1.323e-03		30.347
2		0.00		-9.20		3.042e-03		-7.795		1.305e-03		41.443
2		0.00		-9.60		2.367e-03		2.451		1.012e-03		43.053
2		0.00		-10.00		2.548e-03		62.048		9.802e-04		40.669
2		0.00		-9.60		2.897e-03		68.819		1.146e-03		38.878
2		0.00		-9.20		3.809e-03		85.878		1.409e-03		34.897
2		0.00		-8.80		4.358e-03		91.696		1.657e-03		29.330
2		0.00		-8.40		4.293e-03		104.205		1.434e-03		27.701
2		0.00		-8.00		4.213e-03		88.624		1.566e-03		40.825
2		0.00		-7.60		4.089e-03		104.933		1.298e-03		32.930
2		0.00		-7.20		4.452e-03		88.608		1.531e-03		29.672
2		0.00		-6.80		4.807e-03		100.703		1.562e-03		24.832
2		0.00		-6.40		4.647e-03		99.776		1.534e-03		30.466
2		0.00		-6.00		4.374e-03		101.228		1.510e-03		32.695
2		0.00		-5.60		4.094e-03		95.065		1.546e-03		31.242
2		0.00		-5.20		3.845e-03		94.156		1.429e-03		30.470
2		0.00		-4.80		4.123e-03		95.760		1.439e-03		43.530
2		0.00		-4.40		3.669e-03		91.147		1.311e-03		34.561
2		0.00		-4.00		3.899e-03		77.691		1.393e-03		29.911
2		0.00		-3.60		3.635e-03		89.291		1.349e-03		38.553
2		0.00		-3.20		3.485e-03		85.200		1.240e-03		35.926
2		0.00		-2.80		3.499e-03		84.160		1.248e-03		39.187
2		0.00		-2.40		3.260e-03		90.804		1.196e-03		34.862
2		0.00		-2.00		3.085e-03		90.657		1.071e-03		45.146
2		0.00		-1.60		3.114e-03		79.440		1.167e-03		46.526
2		0.00		-1.20		2.746e-03		75.937		1.002e-03		45.407
2		0.00		-0.80		2.707e-03		68.897		1.010e-03		43.294
2		0.00		-0.40		2.647e-03		80.278		1.058e-03		50.091
3		0.00		0.00		2.709e-03		76.717		1.037e-03		43.039
3		0.00		0.40		2.458e-03		66.292		1.014e-03		47.259
3		0.00		0.80		2.342e-03		63.180		1.090e-03		54.352
3		0.00		1.20		2.110e-03		56.234		9.674e-04		63.000
3		0.00		1.60		2.108e-03		35.240		9.024e-04		62.631
3		0.00		2.00		1.995e-03		34.921		8.080e-04		62.902
3		0.00		2.40		2.185e-03		12.118		8.174e-04		60.028
3		0.00		2.80		2.070e-03		-27.033		8.621e-04		50.191
3		0.00		3.20		2.717e-03		-22.952		1.005e-03		41.019
3		0.00		3.60		3.482e-03		-23.947		1.257e-03		34.211
3		0.00		4.00		4.252e-03		-45.885		1.477e-03		28.112
3		0.00		4.40		5.293e-03		-45.998		1.487e-03		22.040
3		0.00		4.80		5.834e-03		-47.097		1.768e-03		29.981
3		0.00		5.20		6.407e-03		-40.864		1.893e-03		29.159
3		0.00		5.60		7.045e-03		-49.974		1.812e-03		26.703
3		0.00		6.00		7.884e-03		-49.334		2.031e-03		20.884
3		0.00		6.40		8.592e-03		-53.838		2.220e-03		24.088
3		0.00		6.80		9.521e-03		-51.657		2.558e-03		21.150
3		0.00		7.20		1.024e-02		-49.374		2.575e-03		19.040
3		0.00		7.60		1.085e-02		-52.639		2.854e-03		19.988
3		0.00		8.00		1.172e-02		-52.157		2.930e-03		21.887
3		0.00		8.40		1.211e-02		-50.440		3.262e-03		23.221
3		0.00		8.80		1.426e-02		-54.010		3.807e-03		17.472
3		0.00		9.20		1.536e-02		-53.300		4.052e-03		16.534
3		0.00		9.60		1.638e-02		-52.431		4.347e-03		18.427
3		0.00		10.00		1.788e-02		-51.517		4.877e-03		16.922
3		0.00		9.60		1.844e-02		-54.277		5.473e-03		19.727
3		0.00		9.20		1.915e-02		-52.703		5.325e-03		19.469
3		0.00		8.80		1.919e-02		-53.639		5.305e-03		18.928
3		0.00		8.40		1.939e-02		-56.264		4.983e-03		19.815
3		0.00		8.00		1.941e-02		-54.623		5.148e-03		17.809
3		0.00		7.60		1.964e-02		-53.057		5.087e-03		19.206
3		0.00		7.20		1.975e-02		-55.231		5.042e-03		18.418
3		0.00		6.80		1.928e-02		-55.917		5.086e-03		19.688
3		0.00		6.40		1.974e-02		-53.438		4.991e-03		18.377
3		0.00		6.00		1.916e-02		-54.553		5.107e-03		19.797
3		0.00		5.60		1.921e-02		-51.176		5.065e-03		19.576
3		0.00		5.20		1.916e-02		-51.763		5.126e-03		21.837
3		0.00		4.80		1.865e-02		-52.870		5.300e-03		17.620
3		0.00		4.40		1.860e-02		-51.964		5.186e-03		17.898
3		0.00		4.00		1.821e-02		-54.634		5.073e-03		18.577
3		0.00		3.60		1.806e-02		-56.322		5.407e-03		21.831
3		0.00		3.20		1.727e-02		-57.305		5.459e-03		22.312
3		0.00		2.80		1.757e-02		-57.419		5.440e-03		21.011
3		0.00		2.40		1.758e-02		-57.027		5.444e-03		22.268
3		0.00		2.00		1.744e-02		-62.414		5.408e-03		23.081
3		0.00		1.60		1.754e-02		-58.743		5.180e-03		21.407
3		0.00		1.20		1.757e-02		-54.894		5.118e-03		19.977
3		0.00		0.80		1.735e-02		-55.662		4.850e-03		19.810
3		0.00		0.40		1.721e-02		-53.262		4.939e-03		17.471
3		0.00		0.00		1.687e-02		-52.503		4.659e-03		19.295
3		0.00		-0.40		1.698e-02		-49.988		4.339e-03		15.086
3		0.00		-0.80		1.663e-02		-51.149		4.618e-03		19.617
3		0.00		-1.20		1.635e-02		-52.533		4.700e-03		20.467
3		0.00		-1.60		1.615e-02		-53.469		4.500e-03		19.583
3		0.00		-2.00		1.577e-02		-53.333		4.527e-03		19.534
3		0.00		-2.40		1.550e-02		-54.548		4.209e-03		18.672
3		0.00		-2.80		1.516e-02		-54.773		4.512e-03		20.761
3		0.00		-3.20		1.536e-02		-54.082		4.575e-03		17.433
3		0.00		-3.60		1.471e-02		-50.483		4.135e-03		17.329
3		0.00		-4.00		1.405e-02		-49.949		3.791e-03		18.087
3		0.00		-4.40		1.345e-02		-49.603		3.681e-03		18.078
3		0.00		-4.80		1.302e-02		-49.401		3.962e-03		18.595
3		0.00		-5.20		1.193e-02		-45.645		3.742e-03		17.248
3		0.00		-5.60		1.116e-02		-46.438		3.275e-03		20.247
3		0.00		-6.00		1.048e-02		-46.314		3.185e-03		19.335
3		0.00		-6.40		9.628e-03		-49.864		2.832e-03		20.780
3		0.00		-6.80		8.665e-03		-43.126		2.844e-03		21.753
3		0.00		-7.20		7.519e-03		-42.707		2.450e-03		20.850
3		0.00		-7.60		6.628e-03		-34.445		2.188e-03		20.799
3		0.00		-8.00		5.641e-03		-29.894		1.949e-03		20.536
3		0.00		-8.40		4.599e-03		-21.112		1.665e-03		26.133
3		0.00		-8.80		2.890e-03		-39.009		1.455e-03		36.767
3		0.00		-9.20		2.640e-03		-12.002		1.052e-03		47.969
3		0.00		-9.60		2.493e-03		7.461		1.030e-03		41.827
3		0.00		-10.00		2.538e-03		62.022		9.560e-04		40.255
3		0.00		-9.60		3.154e-03		81.828		1.327e-03		45.217
3		0.00		-9.20		3.760e-03		101.377		1.423e-03		28.350
3		0.00		-8.80		4.214e-03		93.829		1.484e-03		36.079
3		0.00		-8.40		4.157e-03		96.772		1.385e-03		35.670
3		0.00		-8.00		4.184e-03		91.430		1.351e-03		26.463
3		0.00		-7.60		4.559e-03		94.669		1.534e-03		33.891
3		0.00		-7.20		4.540e-03		108.486		1.601e-03		32.789
3		0.00		-6.80		3.969e-03		82.816		1.458e-03		30.364
3		0.00		-6.40		4.086e-03		100.002		1.553e-03		34.098
3		0.00		-6.00		4.026e-03		87.885		1.489e-03		44.511
3		0.00		-5.60		3.742e-03		93.425		1.381e-03		37.097
3		0.00		-5.20		3.630e-03		95.513		1.294e-03		37.781
3		0.00		-4.80		3.968e-03		93.709		1.103e-03		33.938
3		0.00		-4.40		4.022e-03		102.572		1.417e-03		37.426
3		0.00		-4.00		3.703e-03		98.046		1.434e-03		29.694
3		0.00		-3.60		3.558e-03		84.779		1.302e-03		41.756
3		0.00		-3.20		3.452e-03		93.015		1.356e-03		35.192
3		0.00		-2.80		3.299e-03		84.565		1.228e-03		34.089
3		0.00		-2.40		3.364e-03		87.883		1.140e-03		33.743
3		0.00		-2.00		3.238e-03		86.586		1.232e-03		38.536
3		0.00		-1.60		3.163e-03		83.472		1.128e-03		38.281
3		0.00		-1.20		3.058e-03		77.996		1.156e-03		37.126
3		0.00		-0.80		2.828e-03		74.731		1.269e-03		35.822
3		0.00		-0.40		2.591e-03		76.981		9.701e-04		45.785
4		0.00		0.00		2.530e-03		63.849		1.134e-03		61.782
4		0.00		0.40		2.515e-03		59.487		9.993e-04		54.660
4		0.00		0.80		2.164e-03		49.128		9.025e-04		56.248
4		0.00		1.20		2.566e-03		72.790		1.062e-03		46.332
4		0.00		1.60		2.138e-03		50.364		8.840e-04		56.375
4		0.00		2.00		2.004e-03		24.165		9.401e-04		64.713
4		0.00		2.40		1.943e-03		33.680		8.231e-04		51.059
4		0.00		2.80		2.054e-03		2.542		8.168e-04		58.717
4		0.00		3.20		2.270e-03		-19.105		9.237e-04		38.715
4		0.00		3.60		3.176e-03		-37.945		1.194e-03		34.243
4		0.00		4.00		4.307e-03		-40.628		1.295e-03		26.175
4		0.00		4.40		4.789e-03		-50.320		1.457e-03		27.780
4		0.00		4.80		5.630e-03		-54.738		1.759e-03		27.430
4		0.00		5.20		6.242e-03		-51.492		1.878e-03		21.969
4		0.00		5.60		6.624e-03		-50.917		2.071e-03		23.759
4		0.00		6.00		7.619e-03		-52.047		1.893e-03		19.102
4		0.00		6.40		8.037e-03		-49.542		2.108e-03		21.054
4		0.00		6.80		8.706e-03		-50.355		2.183e-03		21.492
4		0.00		7.20		9.443e-03		-50.111		2.422e-03		23.965
4		0.00		7.60		1.045e-02		-55.613		2.695e-03		20.429
4		0.00		8.00		1.137e-02		-51.963		3.024e-03		19.137
4		0.00		8.40		1.215e-02		-52.136		3.294e-03		18.913
4		0.00		8.80		1.310e-02		-53.084		3.733e-03		16.799
4		0.00		9.20		1.398e-02		-52.624		3.829e-03		23.632
4		0.00		9.60		1.550e-02		-52.235		4.315e-03		20.209
4		0.00		10.00		1.626e-02		-55.841		4.875e-03		21.886
4		0.00		9.60		1.722e-02		-58.105		5.061e-03		20.534
4		0.00		9.20		1.813e-02		-57.769		5.089e-03		19.435
4		0.00		8.80		1.823e-02		-58.690		5.425e-03		20.576
4		0.00		8.40		1.844e-02		-55.602		5.284e-03		19.535
4		0.00		8.00		1.866e-02		-53.419		5.561e-03		21.104
4		0.00		7.60		1.892e-02		-55.374		5.277e-03		16.298
4		0.00		7.20		1.930e-02		-53.745		5.010e-03		18.417
4		0.00		6.80		1.871e-02		-56.962		5.087e-03		18.285
4		0.00		6.40		1.830e-02		-55.326		4.972e-03		19.429
4		0.00		6.00		1.877e-02		-54.288		4.860e-03		18.057
4		0.00		5.60		1.867e-02		-55.820		4.890e-03		20.887
4		0.00		5.20		1.860e-02		-55.025		4.704e-03		17.782
4		0.00		4.80		1.827e-02		-53.993		4.593e-03		16.302
4		0.00		4.40		1.866e-02		-51.368		4.729e-03		18.930
4		0.00		4.00		1.811e-02		-53.097		4.567e-03		17.598
4		0.00		3.60		1.803e-02		-53.126		4.868e-03		20.099
4		0.00		3.20		1.773e-02		-51.653		4.913e-03		19.669
4		0.00		2.80		1.791e-02		-54.314		4.655e-03		18.614
4		0.00		2.40		1.814e-02		-53.268		4.654e-03		19.296
4		0.00		2.00		1.788e-02		-53.059		4.812e-03		19.471
4		0.00		1.60		1.769e-02		-51.558		4.374e-03		14.876
4		0.00		1.20		1.714e-02		-51.651		4.604e-03		17.501
4		0.00		0.80		1.734e-02		-53.280		5.061e-03		21.174
4		0.00		0.40		1.713e-02		-52.720		4.887e-03		18.732
4		0.00		0.00		1.703e-02		-53.597		4.664e-03		19.511
4		0.00		-0.40		1.721e-02		-53.502		4.438e-03		17.548
4		0.00		-0.80		1.704e-02		-51.743		4.375e-03		17.312
4		0.00		-1.20		1.641e-02		-52.919		4.400e-03		16.904
4		0.00		-1.60		1.666e-02		-51.715		4.301e-03		18.878
4		0.00		-2.00		1.605e-02		-53.881		4.399e-03		18.474
4		0.00		-2.40		1.555e-02		-52.833		4.354e-03		19.480
4		0.00		-2.80		1.531e-02		-49.920		4.067e-03		18.085
4		0.00		-3.20		1.547e-02		-51.648		3.908e-03		18.428
4		0.00		-3.60		1.472e-02		-51.071		4.201e-03		16.466
4		0.00		-4.00		1.409e-02		-50.166		3.640e-03		17.413
4		0.00		-4.40		1.335e-02		-50.280		3.511e-03		16.420
4		0.00		-4.80		1.271e-02		-45.689		3.543e-03		19.762
4		0.00		-5.20		1.173e-02		-52.694		3.490e-03		17.094
4		0.00		-5.60		1.063e-02		-50.438		3.318e-03		19.443
4		0.00		-6.00		9.774e-03		-52.118		3.265e-03		21.670
4		0.00		-6.40		9.131e-03		-46.899		3.027e-03		23.782
4		0.00		-6.80		7.992e-03		-39.990		2.461e-03		21.039
4		0.00		-7.20		6.843e-03		-36.276		2.308e-03		27.635
4		0.00		-7.60		5.794e-03		-42.624		2.110e-03		25.939
4		0.00		-8.00		4.798e-03		-25.848		1.777e-03		23.905
4		0.00		-8.40		3.786e-03		-17.379		1.434e-03		32.027
4		0.00		-8.80		3.036e-03		-1.490		1.242e-03		40.629
4		0.00		-9.20		2.722e-03		15.912		1.033e-03		39.542
4		0.00		-9.60		2.306e-03		28.201		9.518e-04		45.159
4		0.00		-10.00		2.899e-03		61.582		1.125e-03		36.363
4		0.00		-9.60		3.744e-03		92.675		1.440e-03		32.302
4		0.00		-9.20		4.230e-03		98.413		1.368e-03		27.859
4		0.00		-8.80		4.828e-03		104.638		1.595e-03		22.750
4		0.00		-8.40		5.387e-03		96.060		1.585e-03		29.409
4		0.00		-8.00		5.413e-03		106.543		1.705e-03		33.463
4		0.00		-7.60		5.093e-03		102.867		1.847e-03		33.118
4		0.00		-7.20		4.774e-03		100.541		1.470e-03		30.190
4		0.00		-6.80		5.315e-03		102.239		1.559e-03		39.333
4		0.00		-6.40		5.095e-03		100.686		1.433e-03		34.219
4		0.00		-6.00		4.915e-03		102.036		1.607e-03		27.914
4		0.00		-5.60		4.590e-03		100.205		1.504e-03		27.394
4		0.00		-5.20		4.655e-03		104.062		1.437e-03		27.929
4		0.00		-4.80		4.321e-03		99.572		1.574e-03		34.727
4		0.00		-4.40		4.526e-03		100.864		1.552e-03		32.371
4		0.00		-4.00		4.154e-03		97.280		1.397e-03		30.725
4		0.00		-3.60		4.315e-03		96.996		1.411e-03		32.953
4		0.00		-3.20		4.069e-03		100.885		1.496e-03		29.543
4		0.00		-2.80		4.207e-03		96.728		1.548e-03		38.209
4		0.00		-2.40		3.752e-03		96.315		1.530e-03		27.686
4		0.00		-2.00		3.596e-03		95.448		1.409e-03		32.619
4		0.00		-1.60		4.098e-03		97.044		1.285e-03		23.051
4		0.00		-1.20		3.575e-03		100.741		1.413e-03		29.946
4		0.00		-0.80		3.374e-03		97.772		1.314e-03		41.177
4		0.00		-0.40		3.045e-03		77.792		1.219e-03		34.806
5		0.00		0.00		3.298e-03		81.304		1.190e-03		49.410
5		0.00		0.40		3.326e-03		84.988		1.335e-03		42.939
5		0.00		0.80		3.005e-03		84.202		1.141e-03		32.555
5		0.00		1.20		2.543e-03		84.587		9.620e-04		53.769
5		0.00		1.60		2.355e-03		65.818		9.045e-04		54.719
5		0.00		2.00		2.337e-03		54.208		8.174e-04		58.661
5		0.00		2.40		2.046e-03		17.895		9.199e-04		65.196
5		0.00		2.80		2.004e-03		-12.671		8.465e-04		56.910
5		0.00		3.20		2.437e-03		-40.260		1.132e-03		43.028
5		0.00		3.60		3.101e-03		-17.511		1.335e-03		39.378
5		0.00		4.00		3.440e-03		-36.419		1.220e-03		29.666
5		0.00		4.40		3.875e-03		-51.547		1.459e-03		28.751
5		0.00		4.80		4.922e-03		-45.496		1.649e-03		22.628
5		0.00		5.20		6.026e-03		-52.377		1.698e-03		27.775
5		0.00		5.60		6.304e-03		-51.950		1.670e-03		20.224
5		0.00		6.00		6.959e-03		-49.551		2.032e-03		21.971
5		0.00		6.40		7.510e-03		-47.245		2.066e-03		19.536
5		0.00		6.80		8.776e-03		-52.849		2.668e-03		20.961
5		0.00		7.20		9.366e-03		-55.119		2.508e-03		26.054
5		0.00		7.60		1.031e-02		-54.788		2.745e-03		22.241
5		0.00		8.00		1.129e-02		-47.228		2.624e-03		18.263
5		0.00		8.40		1.226e-02		-48.013		2.949e-03		20.989
5		0.00		8.80		1.356e-02		-55.327		3.409e-03		20.666
5		0.00		9.20		1.467e-02		-53.798		3.912e-03		19.204
5		0.00		9.60		1.601e-02		-53.009		4.118e-03		17.573
5		0.00		10.00		1.759e-02		-55.653		4.444e-03		18.032
5		0.00		9.60		1.882e-02		-51.200		4.230e-03		15.106
5		0.00		9.20		1.997e-02		-52.497		4.602e-03		13.453
5		0.00		8.80		2.028e-02		-55.082		5.047e-03		16.955
5		0.00		8.40		2.029e-02		-52.329		5.297e-03		16.357
5		0.00		8.00		2.053e-02		-54.179		5.589e-03		16.833
5		0.00		7.60		2.020e-02		-51.367		5.035e-03		18.401
5		0.00		7.20		2.083e-02		-51.824		4.939e-03		16.117
5		0.00		6.80		2.111e-02		-51.803		5.352e-03		14.884
5		0.00		6.40		2.104e-02		-50.402		4.784e-03		14.459
5		0.00		6.00		2.179e-02		-50.993		4.850e-03		13.596
5		0.00		5.60		2.083e-02		-52.916		4.917e-03		14.190
5		0.00		5.20		2.053e-02		-53.502		5.496e-03		18.035
5		0.00		4.80		2.027e-02		-53.110		4.426e-03		15.858
5		0.00		4.40		2.005e-02		-51.932		4.967e-03		15.061
5		0.00		4.00		1.906e-02		-51.789		4.483e-03		16.148
5		0.00		3.60		1.912e-02		-51.948		4.459e-03		15.267
5		0.00		3.20		1.863e-02		-50.967		4.567e-03		15.070
5		0.00		2.80		1.849e-02		-52.138		4.529e-03		15.585
5		0.00		2.40		1.820e-02		-54.153		4.580e-03		18.740
5		0.00		2.00		1.834e-02		-52.823		4.607e-03		19.811
5		0.00		1.60		1.866e-02		-53.254		4.421e-03		15.601
5		0.00		1.20		1.851e-02		-49.525		4.191e-03		16.853
5		0.00		0.80		1.870e-02		-51.062		4.647e-03		14.876
5		0.00		0.40		1.818e-02		-49.378		5.317e-03		15.817
5		0.00		0.00		1.800e-02		-52.613		5.354e-03		20.892
5		0.00		-0.40		1.765e-02		-52.083		5.428e-03		17.604
5		0.00		-0.80		1.735e-02		-53.807		5.059e-03		18.688
5		0.00		-1.20		1.800e-02		-49.845		4.926e-03		17.574
5		0.00		-1.60		1.788e-02		-53.255		4.856e-03		15.466
5		0.00		-2.00		1.688e-02		-50.954		4.395e-03		15.488
5		0.00		-2.40		1.608e-02		-48.711		4.174e-03		16.032
5		0.00		-2.80		1.552e-02		-52.208		4.414e-03		16.309
5		0.00		-3.20		1.551e-02		-53.081		4.469e-03		19.891
5		0.00		-3.60		1.482e-02		-52.893		4.345e-03		19.121
5		0.00		-4.00		1.466e-02		-52.508		3.811e-03		17.690
5		0.00		-4.40		1.393e-02		-53.713		3.741e-03		17.091
5		0.00		-4.80		1.418e-02		-52.353		3.225e-03		16.573
5		0.00		-5.20		1.255e-02		-51.429		3.290e-03		18.187
5		0.00		-5.60		1.148e-02		-50.760		2.949e-03		22.468
5		0.00		-6.00		1.048e-02		-44.348		2.624e-03		18.061
5		0.00		-6.40		9.412e-03		-45.350		2.836e-03		17.756
5		0.00		-6.80		8.930e-03		-46.246		2.559e-03		19.947
5		0.00		-7.20		7.480e-03		-42.088		2.283e-03		18.443
5		0.00		-7.60		6.225e-03		-41.932		2.015e-03		21.362
5		0.00		-8.00		5.349e-03		-30.742		1.993e-03		23.933
5		0.00		-8.40		4.406e-03		-28.581		1.465e-03		32.673
5		0.00		-8.80		3.606e-03		-10.505		1.373e-03		35.279
5		0.00		-9.20		2.472e-03		32.359		9.756e-04		37.213
5		0.00		-9.60		2.136e-03		59.027		9.382e-04		47.402
5		0.00		-10.00		3.178e-03		77.162		1.274e-03		36.767
5		0.00		-9.60		3.793e-03		95.504		1.263e-03		25.623
5		0.00		-9.20		4.443e-03		98.926		1.587e-03		42.775
5		0.00		-8.80		5.105e-03		102.381		1.293e-03		20.167
5		0.00		-8.40		5.140e-03		102.399		1.589e-03		33.660
5		0.00		-8.00		5.667e-03		103.608		1.721e-03		25.834
5		0.00		-7.60		5.405e-03		113.754		1.540e-03		21.984
5		0.00		-7.20		5.705e-03		112.369		1.702e-03		21.926
5		0.00		-6.80		5.400e-03		105.236		1.638e-03		26.315
5		0.00		-6.40		5.142e-03		108.857		1.728e-03		25.753
5		0.00		-6.00		4.942e-03		100.063		1.612e-03		35.206
5		0.00		-5.60		4.948e-03		109.046		1.550e-03		28.035
5		0.00		-5.20		5.233e-03		106.783		1.678e-03		29.955
5		0.00		-4.80		4.908e-03		104.862		1.570e-03		24.313
5		0.00		-4.40		5.132e-03		104.512		1.509e-03		24.444
5		0.00		-4.00		4.895e-03		103.701		1.442e-03		28.346
5		0.00		-3.60		4.905e-03		103.622		1.722e-03		23.777
5		0.00		-3.20		4.623e-03		95.451		1.476e-03		31.500
5		0.00		-2.80		4.548e-03		101.771		1.513e-03		29.469
5		0.00		-2.40		4.441e-03		102.157		1.575e-03		31.279
5		0.00		-2.00		4.344e-03		106.105		1.478e-03		31.418
5		0.00		-1.60		4.551e-03		103.230		1.468e-03		36.010
5		0.00		-1.20		4.142e-03		106.462		1.589e-03		28.449
5		0.00		-0.80		3.969e-03		91.539		1.365e-03		32.185
5		0.00		-0.40		3.969e-03		94.435		1.249e-03		32.340
6		0.00		0.00		3.854e-03		91.764		1.252e-03		30.978
6		0.00		0.40		3.495e-03		107.067		1.271e-03		28.732
6		0.00		0.80		3.144e-03		92.397		1.091e-03		38.888
6		0.00		1.20		3.282e-03		91.580		1.201e-03		32.909
6		0.00		1.60		2.820e-03		83.858		1.086e-03		43.306
6		0.00		2.00		2.596e-03		88.338		9.491e-04		50.784
6		0.00		2.40		2.059e-03		39.126		8.532e-04		63.246
6		0.00		2.80		1.952e-03		2.752		9.118e-04		57.791
6		0.00		3.20		2.152e-03		-9.742		7.284e-04		58.854
6		0.00		3.60		2.535e-03		-29.759		1.045e-03		44.468
6		0.00		4.00		3.212e-03		-41.142		1.301e-03		42.330
6		0.00		4.40		4.006e-03		-38.890		1.347e-03		31.938
6		0.00		4.80		4.840e-03		-40.786		1.535e-03		23.554
6		0.00		5.20		5.277e-03		-50.606		1.702e-03		25.003
6		0.00		5.60		6.301e-03		-54.363		1.758e-03		25.878
6		0.00		6.00		7.075e-03		-46.350		1.952e-03		22.859
6		0.00		6.40		7.901e-03		-43.683		1.920e-03		16.795
6		0.00		6.80		8.588e-03		-48.901		2.400e-03		18.443
6		0.00		7.20		9.688e-03		-48.848		2.346e-03		15.982
6		0.00		7.60		1.044e-02		-54.205		2.647e-03		19.871
6		0.00		8.00		1.185e-02		-55.739		2.993e-03		16.681
6		0.00		8.40		1.284e-02		-53.891		2.888e-03		16.939
6		0.00		8.80		1.374e-02		-48.288		3.097e-03		15.123
6		0.00		9.20		1.455e-02		-51.857		3.501e-03		16.865
6		0.00		9.60		1.602e-02		-51.081		3.599e-03		16.119
6		0.00		10.00		1.776e-02		-53.084		4.002e-03		14.360
6		0.00		9.60		1.877e-02		-49.971		4.375e-03		14.110
6		0.00		9.20		1.982e-02		-50.212		4.763e-03		14.947
6		0.00		8.80		1.961e-02		-52.648		4.841e-03		15.764
6		0.00		8.40		2.010e-02		-54.102		5.362e-03		17.685
6		0.00		8.00		1.987e-02		-52.082		5.513e-03		16.995
6		0.00		7.60		1.990e-02		-53.156		5.781e-03		18.231
6		0.00		7.20		2.037e-02		-53.470		5.778e-03		16.830
6		0.00		6.80		1.947e-02		-56.448		5.734e-03		19.571
6		0.00		6.40		1.949e-02		-55.715		5.408e-03		18.734
6		0.00		6.00		1.993e-02		-55.363		5.428e-03		18.787
6		0.00		5.60		1.979e-02		-53.226		5.130e-03		16.974
6		0.00		5.20		1.949e-02		-55.331		5.305e-03		17.888
6		0.00		4.80		1.913e-02		-57.396		5.188e-03		18.091
6		0.00		4.40		1.936e-02		-56.455		5.207e-03		17.959
6		0.00		4.00		1.900e-02		-52.727		4.687e-03		17.279
6		0.00		3.60		1.929e-02		-54.001		4.469e-03		14.756
6		0.00		3.20		1.942e-02		-50.556		4.375e-03		13.742
6		0.00		2.80		1.922e-02		-53.340		4.282e-03		14.658
6		0.00		2.40		1.941e-02		-50.198		4.335e-03		14.511
6		0.00		2.00		1.911e-02		-49.669		4.492e-03		13.483
6		0.00		1.60		1.922e-02		-49.816		4.090e-03		14.614
6		0.00		1.20		1.914e-02		-48.264		4.340e-03		15.209
6		0.00		0.80		1.892e-02		-49.680		4.290e-03		12.711
6		0.00		0.40		1.818e-02		-48.036		4.421e-03		14.443
6		0.00		0.00		1.835e-02		-51.053		4.461e-03		13.838
6		0.00		-0.40		1.806e-02		-49.816		4.288e-03		14.350
6		0.00		-0.80		1.805e-02		-49.041		4.447e-03		14.038
6		0.00		-1.20		1.757e-02		-49.398		4.326e-03		14.477
6		0.00		-1.60		1.783e-02		-47.964		4.313e-03		12.945
6		0.00		-2.00		1.757e-02		-52.628		4.822e-03		15.830
6		0.00		-2.40		1.694e-02		-50.761		4.603e-03		17.415
6		0.00		-2.80		1.644e-02		-46.636		4.066e-03		14.330
6		0.00		-3.20		1.611e-02		-49.519		4.216e-03		16.564
6		0.00		-3.60		1.569e-02		-49.132		3.866e-03		17.445
6		0.00		-4.00		1.494e-02		-50.003		3.628e-03		17.279
6		0.00		-4.40		1.386e-02		-50.055		3.774e-03		18.836
6		0.00		-4.80		1.370e-02		-51.852		3.515e-03		17.131
6		0.00		-5.20		1.280e-02		-47.778		3.345e-03		15.614
6		0.00		-5.60		1.199e-02		-48.113		3.094e-03		16.891
6		0.00		-6.00		1.106e-02		-48.471		2.970e-03		20.533
6		0.00		-6.40		9.789e-03		-45.364		2.941e-03		19.925
6		0.00		-6.80		8.508e-03		-43.566		2.654e-03		19.475
6		0.00		-7.20		7.698e-03		-37.282		2.287e-03		25.079
6		0.00		-7.60		6.520e-03		-36.893		2.361e-03		21.632
6		0.00		-8.00		5.001e-03		-32.957		1.852e-03		32.531
6		0.00		-8.40		4.613e-03		-32.417		1.720e-03		29.182
6		0.00		-8.80		3.685e-03		-23.282		1.565e-03		30.071
6		0.00		-9.20		2.831e-03		13.245		9.793e-04		40.044
6		0.00		-9.60		2.383e-03		43.707		8.612e-04		40.590
6		0.00		-10.00		2.845e-03		73.594		1.126e-03		45.127
6		0.00		-9.60		3.565e-03		97.287		1.195e-03		35.735
6		0.00		-9.20		4.174e-03		103.182		1.444e-03		27.927
6		0.00		-8.80		4.804e-03		99.401		1.495e-03		20.218
6		0.00		-8.40		5.118e-03		99.329		1.694e-03		27.943
6		0.00		-8.00		5.859e-03		98.000		1.710e-03		21.443
6		0.00		-7.60		5.764e-03		105.620		1.663e-03		21.541
6		0.00		-7.20		5.589e-03		102.096		1.579e-03		24.663
6		0.00		-6.80		5.132e-03		101.063		1.458e-03		23.601
6		0.00		-6.40		5.077e-03		105.573		1.543e-03		23.763
6		0.00		-6.00		5.008e-03		105.455		1.366e-03		20.042
6		0.00		-5.60		4.825e-03		112.326		1.219e-03		26.458
6		0.00		-5.20		4.419e-03		107.317		1.508e-03		29.281
6		0.00		-4.80		4.485e-03		105.471		1.565e-03		35.683
6		0.00		-4.40		4.317e-03		104.730		1.420e-03		21.983
6		0.00		-4.00		4.456e-03		101.377		1.350e-03		24.162
6		0.00		-3.60		4.419e-03		105.598		1.432e-03		26.770
6		0.00		-3.20		4.399e-03		113.928		1.501e-03		26.746
6		0.00		-2.80		4.297e-03		103.596		1.391e-03		22.104
6		0.00		-2.40		4.393e-03		97.069		1.378e-03		31.799
6		0.00		-2.00		4.073e-03		104.767		1.362e-03		36.014
6		0.00		-1.60		4.186e-03		91.513		1.459e-03		36.795
6		0.00		-1.20		3.783e-03		103.356		1.387e-03		25.494
6		0.00		-0.80		3.911e-03		105.306		1.394e-03		32.589
6		0.00		-0.40		4.048e-03		106.845		1.430e-03		39.461
7		0.00		0.00		3.586e-03		98.956		1.188e-03		34.185
7		0.00		0.40		3.467e-03		90.548		1.363e-03		39.605
7		0.00		0.80		3.001e-03		85.372		1.079e-03		39.855
7		0.00		1.20		2.774e-03		81.723		1.154e-03		46.629
7		0.00		1.60		2.619e-03		61.893		1.184e-03		58.062
7		0.00		2.00		2.004e-03		41.562		8.274e-04		61.712
7		0.00		2.40		1.876e-03		22.565		7.178e-04		60.589
7		0.00		2.80		1.980e-03		16.930		8.912e-04		56.446
7		0.00		3.20		2.266e-03		-11.248		1.001e-03		47.428
7		0.00		3.60		2.997e-03		-38.022		1.031e-03		35.268
7		0.00		4.00		3.386e-03		-43.629		1.200e-03		32.567
7		0.00		4.40		4.383e-03		-49.588		1.428e-03		28.739
7		0.00		4.80		4.778e-03		-44.508		1.522e-03		25.590
7		0.00		5.20		5.574e-03		-50.657		1.774e-03		24.675
7		0.00		5.60		6.047e-03		-47.638		2.018e-03		20.921
7		0.00		6.00		6.817e-03		-53.527		1.992e-03		25.311
7		0.00		6.40		7.326e-03		-56.226		2.200e-03		25.466
7		0.00		6.80		7.880e-03		-51.440		2.153e-03		22.347
7		0.00		7.20		8.753e-03		-54.884		2.100e-03		20.550
7		0.00		7.60		9.993e-03		-53.465		2.720e-03		21.391
7		0.00		8.00		1.084e-02		-57.102		3.270e-03		22.472
7		0.00		8.40		1.206e-02		-53.963		3.006e-03		21.582
7		0.00		8.80		1.315e-02		-51.665		3.196e-03		18.269
7		0.00		9.20		1.439e-02		-52.944		3.557e-03		17.833
7		0.00		9.60		1.586e-02		-53.455		3.711e-03		17.161
7		0.00		10.00		1.759e-02		-54.665		4.052e-03		16.182
7		0.00		9.60		1.896e-02		-53.750		4.456e-03		14.884
7		0.00		9.20		1.899e-02		-52.435		4.484e-03		15.791
7		0.00		8.80		1.954e-02		-53.315		4.562e-03		15.163
7		0.00		8.40		1.983e-02		-53.034		4.712e-03		16.584
7		0.00		8.00		1.993e-02		-53.966		4.627e-03		16.419
7		0.00		7.60		2.071e-02		-52.326		4.693e-03		15.218
7		0.00		7.20		2.078e-02		-53.067		4.651e-03		15.227
7		0.00		6.80		1.988e-02		-51.148		4.804e-03		15.807
7		0.00		6.40		1.953e-02		-52.876		4.784e-03		15.937
7		0.00		6.00		2.009e-02		-51.718		4.514e-03		15.051
7		0.00		5.60		1.900e-02		-52.761		4.619e-03		14.948
7		0.00		5.20		1.936e-02		-51.174		4.534e-03		13.467
7		0.00		4.80		1.888e-02		-50.282		4.537e-03		16.621
7		0.00		4.40		1.903e-02		-50.129		4.564e-03		14.681
7		0.00		4.00		1.915e-02		-50.991		4.297e-03		15.830
7		0.00		3.60		1.862e-02		-51.025		4.734e-03		17.173
7		0.00		3.20		1.893e-02		-50.636		4.785e-03		18.830
7		0.00		2.80		1.862e-02		-52.813		4.806e-03		15.287
7		0.00		2.40		1.806e-02		-54.720		4.421e-03		18.102
7		0.00		2.00		1.871e-02		-48.721		4.668e-03		13.838
7		0.00		1.60		1.833e-02		-50.228		5.023e-03		15.212
7		0.00		1.20		1.781e-02		-53.800		5.255e-03		20.210
7		0.00		0.80		1.783e-02		-54.794		5.174e-03		19.615
7		0.00		0.40		1.782e-02		-53.805		5.202e-03		18.913
7		0.00		0.00		1.761e-02		-53.311		5.208e-03		18.427
7		0.00		-0.40		1.713e-02		-52.213		4.951e-03		19.001
7		0.00		-0.80		1.709e-02		-53.853		4.907e-03		19.658
7		0.00		-1.20		1.718e-02		-53.595		4.768e-03		17.417
7		0.00		-1.60		1.688e-02		-53.355		4.576e-03		16.863
7		0.00		-2.00		1.650e-02		-55.019		4.557e-03		18.861
7		0.00		-2.40		1.635e-02		-55.094		4.277e-03		18.802
7		0.00		-2.80		1.615e-02		-53.025		3.946e-03		17.982
7		0.00		-3.20		1.575e-02		-50.000		3.928e-03		14.228
7		0.00		-3.60		1.526e-02		-52.037		3.652e-03		14.169
7		0.00		-4.00		1.433e-02		-50.785		3.483e-03		16.261
7		0.00		-4.40		1.400e-02		-53.693		3.198e-03		16.548
7		0.00		-4.80		1.368e-02		-50.232		3.172e-03		15.347
7		0.00		-5.20		1.255e-02		-46.658		3.007e-03		17.555
7		0.00		-5.60		1.191e-02		-48.915		3.178e-03		17.962
7		0.00		-6.00		1.065e-02		-48.121		2.835e-03		17.258
7		0.00		-6.40		9.378e-03		-46.532		2.656e-03		19.666
7		0.00		-6.80		9.007e-03		-40.577		2.731e-03		21.987
7		0.00		-7.20		7.602e-03		-40.053		2.373e-03		19.237
7		0.00		-7.60		6.233e-03		-38.703		2.308e-03		23.585
7		0.00		-8.00		5.183e-03		-29.826		2.027e-03		27.108
7		0.00		-8.40		4.141e-03		-18.717		1.677e-03		24.234
7		0.00		-8.80		3.245e-03		-7.183		1.289e-03		33.283
7		0.00		-9.20		2.450e-03		38.689		8.988e-04		48.470
7		0.00		-9.60		2.428e-03		44.688		9.740e-04		47.528
7		0.00		-10.00		2.805e-03		56.413		1.172e-03		40.101
7		0.00		-9.60		3.824e-03		101.258		1.257e-03		24.003
7		0.00		-9.20		4.372e-03		91.465		1.416e-03		28.775
7		0.00		-8.80		4.876e-03		100.082		1.697e-03		33.161
7		0.00		-8.40		5.140e-03		107.485		1.585e-03		27.395
7		0.00		-8.00		5.473e-03		102.643		1.600e-03		19.305
7		0.00		-7.60		4.941e-03		108.092		1.603e-03		26.312
7		0.00		-7.20		5.147e-03		110.364		1.654e-03		21.679
7		0.00		-6.80		4.770e-03		106.199		1.759e-03		42.191
7		0.00		-6.40		4.693e-03		102.036		1.724e-03		31.823
7		0.00		-6.00		4.598e-03		104.886		1.626e-03		30.789
7		0.00		-5.60		4.886e-03		102.313		1.561e-03		27.499
7		0.00		-5.20		4.595e-03		91.439		1.683e-03		36.235
7		0.00		-4.80		4.563e-03		99.811		1.589e-03		29.689
7		0.00		-4.40		4.610e-03		98.086		1.401e-03		25.527
7		0.00		-4.00		4.386e-03		95.027		1.340e-03		30.910
7		0.00		-3.60		4.415e-03		101.016		1.281e-03		25.879
7		0.00		-3.20		4.219e-03		103.357		1.404e-03		26.455
7		0.00		-2.80		4.212e-03		94.710		1.297e-03		35.681
7		0.00		-2.40		4.238e-03		98.901		1.290e-03		21.848
7		0.00		-2.00		4.105e-03		96.323		1.290e-03		29.729
7		0.00		-1.60		4.336e-03		97.679		1.491e-03		37.236
7		0.00		-1.20		4.050e-03		103.872		1.191e-03		26.919
7		0.00		-0.80		4.106e-03		100.416		1.470e-03		40.982
7		0.00		-0.40		3.928e-03		92.681		1.331e-03		37.947
8		0.00		0.00		3.916e-03		105.246		1.332e-03		32.135
8		0.00		0.40		3.351e-03		90.416		1.282e-03		34.803
8		0.00		0.80		3.437e-03		100.439		1.230e-03		28.982
8		0.00		1.20		2.964e-03		102.280		1.070e-03		37.384
8		0.00		1.60		3.142e-03		89.170		1.329e-03		48.196
8		0.00		2.00		2.471e-03		78.189		9.645e-04		52.985
8		0.00		2.40		1.942e-03		46.573		7.739e-04		56.414
8		0.00		2.80		1.906e-03		27.999		7.746e-04		55.275
8		0.00		3.20		2.093e-03		-13.790		9.358e-04		52.429
8		0.00		3.60		2.422e-03		-36.142		1.150e-03		47.225
8		0.00		4.00		3.004e-03		-45.942		1.043e-03		36.144
8		0.00		4.40		3.922e-03		-50.631		1.231e-03		25.285
8		0.00		4.80		4.602e-03		-46.266		1.381e-03		26.068
8		0.00		5.20		5.889e-03		-51.635		1.656e-03		23.109
8		0.00		5.60		6.063e-03		-52.479		1.540e-03		23.398
8		0.00		6.00		6.818e-03		-55.559		1.769e-03		23.070
8		0.00		6.40		7.680e-03		-45.566		1.913e-03		19.758
8		0.00		6.80		8.214e-03		-55.870		2.200e-03		19.268
8		0.00		7.20		8.657e-03		-47.934		2.110e-03		17.471
8		0.00		7.60		9.464e-03		-51.761		2.443e-03		18.395
8		0.00		8.00		1.041e-02		-49.313		2.736e-03		17.966
8		0.00		8.40		1.145e-02		-55.163		2.909e-03		20.228
8		0.00		8.80		1.210e-02		-58.004		3.017e-03		20.024
8		0.00		9.20		1.347e-02		-52.721		3.228e-03		18.503
8		0.00		9.60		1.487e-02		-56.393		3.599e-03		19.401
8		0.00		10.00		1.656e-02		-54.880		3.854e-03		16.641
8		0.00		9.60		1.751e-02		-54.118		4.298e-03		17.145
8		0.00		9.20		1.858e-02		-52.776		4.956e-03		17.492
8		0.00		8.80		1.858e-02		-51.565		5.008e-03		17.873
8		0.00		8.40		1.868e-02		-53.890		4.676e-03		16.008
8		0.00		8.00		1.915e-02		-53.822		5.222e-03		17.025
8		0.00		7.60		1.872e-02		-53.203		5.244e-03		17.827
8		0.00		7.20		1.882e-02		-53.391		5.426e-03		20.033
8		0.00		6.80		1.909e-02		-56.145		5.306e-03		18.821
8		0.00		6.40		1.851e-02		-55.000		5.129e-03		19.033
8		0.00		6.00		1.892e-02		-56.013		5.343e-03		20.975
8		0.00		5.60		1.888e-02		-57.973		5.030e-03		19.163
8		0.00		5.20		1.879e-02		-55.224		4.788e-03		19.564
8		0.00		4.80		1.885e-02		-52.978		4.577e-03		16.220
8		0.00		4.40		1.857e-02		-54.223		4.457e-03		15.008
8		0.00		4.00		1.868e-02		-52.486		4.491e-03		15.919
8		0.00		3.60		1.767e-02		-51.212		4.268e-03		16.110
8		0.00		3.20		1.749e-02		-51.975		4.284e-03		16.043
8		0.00		2.80		1.754e-02		-51.634		4.320e-03		16.220
8		0.00		2.40		1.720e-02		-51.977		4.436e-03		18.327
8		0.00		2.00		1.721e-02		-51.088		4.809e-03		18.285
8		0.00		1.60		1.674e-02		-52.793		4.766e-03		21.407
8		0.00		1.20		1.675e-02		-55.551		4.766e-03		19.434
8		0.00		0.80		1.663e-02		-55.427		4.825e-03		17.499
8		0.00		0.40		1.692e-02		-52.332		4.256e-03		18.059
8		0.00		0.00		1.685e-02		-52.253		4.343e-03		17.675
8		0.00		-0.40		1.676e-02		-52.645		4.415e-03		17.392
8		0.00		-0.80		1.670e-02		-52.793		4.361e-03		17.415
8		0.00		-1.20		1.683e-02		-52.702		4.425e-03		15.267
8		0.00		-1.60		1.643e-02		-52.333		4.233e-03		16.431
8		0.00		-2.00		1.594e-02		-51.206		4.220e-03		15.958
8		0.00		-2.40		1.552e-02		-54.903		4.283e-03		19.702
8		0.00		-2.80		1.475e-02		-52.757		4.211e-03		20.047
8		0.00		-3.20		1.489e-02		-51.560		3.994e-03		20.243
8		0.00		-3.60		1.507e-02		-52.939		3.823e-03		19.519
8		0.00		-4.00		1.401e-02		-54.258		3.774e-03		19.173
8		0.00		-4.40		1.340e-02		-49.642		3.532e-03		18.924
8		0.00		-4.80		1.338e-02		-50.749		3.327e-03		15.380
8		0.00		-5.20		1.224e-02		-48.414		3.034e-03		15.634
8		0.00		-5.60		1.138e-02		-46.350		2.740e-03		16.478
8		0.00		-6.00		1.066e-02		-48.357		2.667e-03		16.542
8		0.00		-6.40		9.515e-03		-42.949		2.591e-03		21.739
8		0.00		-6.80		8.364e-03		-38.266		2.569e-03		29.453
8		0.00		-7.20		7.122e-03		-39.352		2.395e-03		23.457
8		0.00		-7.60		5.789e-03		-38.017		2.288e-03		29.704
8		0.00		-8.00		4.721e-03		-24.726		1.603e-03		27.698
8		0.00		-8.40		4.076e-03		-26.251		1.599e-03		26.966
8		0.00		-8.80		3.275e-03		2.471		1.312e-03		32.755
8		0.00		-9.20		2.417e-03		22.867		1.022e-03		44.665
8		0.00		-9.60		2.195e-03		50.379		1.076e-03		59.557
8		0.00		-10.00		2.714e-03		61.582		1.116e-03		47.785
8		0.00		-9.60		3.227e-03		75.695		1.207e-03		36.375
8		0.00		-9.20		3.888e-03		94.509		1.435e-03		28.678
8		0.00		-8.80		4.598e-03		96.073		1.562e-03		26.818
8		0.00		-8.40		4.623e-03		95.972		1.625e-03		31.646
8		0.00		-8.00		4.863e-03		102.392		1.576e-03		22.439
8		0.00		-7.60		5.040e-03		101.396		1.513e-03		21.195
8		0.00		-7.20		4.748e-03		103.944		1.460e-03		25.824
8		0.00		-6.80		4.467e-03		88.175		1.499e-03		25.085
8		0.00		-6.40		4.777e-03		102.097		1.517e-03		31.839
8		0.00		-6.00		4.941e-03		100.069		1.671e-03		29.143
8		0.00		-5.60		4.434e-03		105.465		1.517e-03		29.042
8		0.00		-5.20		4.704e-03		94.835		1.542e-03		24.479
8		0.00		-4.80		4.280e-03		97.049		1.258e-03		38.914
8		0.00		-4.40		4.632e-03		106.145		1.467e-03		32.789
8		0.00		-4.00		4.187e-03		102.494		1.324e-03		28.637
8		0.00		-3.60		4.198e-03		103.942		1.334e-03		27.403
8		0.00		-3.20		3.961e-03		94.738		1.428e-03		40.087
8		0.00		-2.80		3.700e-03		91.459		1.455e-03		42.741
8		0.00		-2.40		3.857e-03		93.318		1.376e-03		42.541
8		0.00		-2.00		3.946e-03		101.806		1.354e-03		34.357
8		0.00		-1.60		3.890e-03		95.044		1.378e-03		30.632
8		0.00		-1.20		3.843e-03		94.110		1.410e-03		43.790
8		0.00		-0.80		3.910e-03		102.462		1.261e-03		28.141
8		0.00		-0.40		3.723e-03		101.711		1.240e-03		30.954
