# Date of analysis: 2024-03-08 10;59
# Segment other properties: height: -56.64906594463936, diff height: 530.8666013525101, deflection: 33.10811916492965, deflection error: 3.015306862541228, adhesion: 39.01606347239839, phase offset: 0
# 
# Loop index	Read Volt (V)	Write Volt (V)	Amplitude (a.u)	Phase (deg)	Sigma Amp (a.u)	Sigma Pha (deg)	
1		0.00		0.00		8.140e-03		-41.949		2.044e-03		13.520
1		0.00		0.40		3.245e-03		-40.365		1.189e-03		32.659
1		0.00		0.80		2.247e-03		75.955		9.877e-04		57.514
1		0.00		1.20		6.496e-03		123.970		2.058e-03		20.997
1		0.00		1.60		1.122e-02		123.744		3.297e-03		14.373
1		0.00		2.00		1.550e-02		123.441		4.582e-03		21.175
1		0.00		2.40		2.004e-02		127.088		5.861e-03		18.368
1		0.00		2.80		2.412e-02		127.039		6.988e-03		17.705
1		0.00		3.20		2.796e-02		130.101		8.334e-03		16.348
1		0.00		3.60		3.147e-02		127.535		9.129e-03		19.144
1		0.00		4.00		3.469e-02		127.859		1.038e-02		19.297
1		0.00		4.40		3.846e-02		128.727		1.082e-02		16.769
1		0.00		4.80		4.123e-02		129.531		1.152e-02		16.567
1		0.00		5.20		4.389e-02		128.390		1.276e-02		17.616
1		0.00		5.60		4.697e-02		129.834		1.287e-02		16.837
1		0.00		6.00		4.940e-02		129.710		1.371e-02		14.782
1		0.00		6.40		5.066e-02		128.750		1.459e-02		17.757
1		0.00		6.80		5.234e-02		128.803		1.547e-02		20.601
1		0.00		7.20		5.531e-02		131.406		1.578e-02		16.779
1		0.00		7.60		5.602e-02		134.865		1.600e-02		14.137
1		0.00		8.00		5.702e-02		131.762		1.686e-02		17.098
1		0.00		8.40		5.635e-02		128.798		1.855e-02		31.272
1		0.00		8.80		5.924e-02		127.665		1.965e-02		27.520
1		0.00		9.20		6.162e-02		131.513		2.013e-02		11.966
1		0.00		9.60		5.780e-02		128.467		1.900e-02		17.457
1		0.00		10.00		5.558e-02		125.400		1.909e-02		22.465
1		0.00		9.60		5.557e-02		124.810		1.881e-02		19.391
1		0.00		9.20		5.565e-02		129.144		1.786e-02		16.930
1		0.00		8.80		5.267e-02		126.243		1.719e-02		22.981
1		0.00		8.40		5.287e-02		130.937		1.424e-02		14.178
1		0.00		8.00		5.059e-02		133.172		1.161e-02		10.843
1		0.00		7.60		4.777e-02		132.360		1.139e-02		11.857
1		0.00		7.20		4.570e-02		131.814		1.036e-02		10.102
1		0.00		6.80		4.247e-02		129.972		9.444e-03		9.139
1		0.00		6.40		3.976e-02		130.381		9.089e-03		8.894
1		0.00		6.00		3.665e-02		131.942		7.819e-03		8.392
1		0.00		5.60		3.256e-02		130.585		6.706e-03		10.017
1		0.00		5.20		2.922e-02		131.292		6.275e-03		9.292
1		0.00		4.80		2.562e-02		132.007		5.774e-03		9.538
1		0.00		4.40		2.105e-02		131.590		4.805e-03		10.106
1		0.00		4.00		1.704e-02		133.829		4.316e-03		11.066
1		0.00		3.60		1.235e-02		133.237		3.407e-03		11.448
1		0.00		3.20		8.075e-03		133.043		2.397e-03		17.479
1		0.00		2.80		3.556e-03		98.377		1.326e-03		66.137
1		0.00		2.40		2.452e-03		-43.949		1.011e-03		41.824
1		0.00		2.00		6.386e-03		-54.230		2.173e-03		18.301
1		0.00		1.60		1.087e-02		-53.211		3.361e-03		14.389
1		0.00		1.20		1.622e-02		-51.857		4.255e-03		11.823
1		0.00		0.80		2.067e-02		-49.091		5.322e-03		11.858
1		0.00		0.40		2.594e-02		-49.206		6.261e-03		11.461
1		0.00		0.00		3.151e-02		-50.550		7.378e-03		10.056
1		0.00		-0.40		3.593e-02		-50.525		8.423e-03		9.928
1		0.00		-0.80		4.039e-02		-51.325		9.596e-03		11.875
1		0.00		-1.20		4.426e-02		-49.840		9.729e-03		10.227
1		0.00		-1.60		4.802e-02		-51.469		1.081e-02		12.328
1		0.00		-2.00		5.177e-02		-51.640		1.177e-02		12.744
1		0.00		-2.40		5.508e-02		-52.990		1.263e-02		12.147
1		0.00		-2.80		5.775e-02		-51.057		1.340e-02		10.827
1		0.00		-3.20		5.596e-02		-56.821		1.609e-02		16.789
1		0.00		-3.60		6.364e-02		-53.087		1.600e-02		10.840
1		0.00		-4.00		5.925e-02		-60.095		1.848e-02		20.745
1		0.00		-4.40		6.440e-02		-54.448		1.963e-02		20.988
1		0.00		-4.80		6.523e-02		-48.576		1.883e-02		19.880
1		0.00		-5.20		6.625e-02		-49.779		1.903e-02		21.447
1		0.00		-5.60		7.070e-02		-49.910		1.852e-02		15.208
1		0.00		-6.00		7.102e-02		-47.440		2.034e-02		15.376
1		0.00		-6.40		6.784e-02		-46.315		2.010e-02		19.896
1		0.00		-6.80		6.510e-02		-43.587		2.092e-02		23.197
1		0.00		-7.20		6.789e-02		-48.061		1.998e-02		19.872
1		0.00		-7.60		6.919e-02		-46.524		2.225e-02		22.947
1		0.00		-8.00		6.750e-02		-44.441		2.209e-02		25.155
1		0.00		-8.40		6.680e-02		-43.328		2.177e-02		25.443
1		0.00		-8.80		6.408e-02		-43.896		2.117e-02		25.694
1		0.00		-9.20		6.152e-02		-39.875		2.002e-02		17.650
1		0.00		-9.60		6.017e-02		-45.142		1.916e-02		16.186
1		0.00		-10.00		5.406e-02		-44.721		1.629e-02		14.039
1		0.00		-9.60		5.919e-02		-41.413		1.794e-02		15.106
1		0.00		-9.20		6.403e-02		-40.748		1.973e-02		15.312
1		0.00		-8.80		6.367e-02		-40.309		1.807e-02		15.028
1		0.00		-8.40		6.625e-02		-42.299		1.924e-02		18.349
1		0.00		-8.00		6.190e-02		-53.174		1.941e-02		24.506
1		0.00		-7.60		6.224e-02		-46.428		1.663e-02		18.780
1		0.00		-7.20		6.340e-02		-50.087		1.655e-02		17.083
1		0.00		-6.80		6.314e-02		-48.970		1.725e-02		16.261
1		0.00		-6.40		6.034e-02		-45.973		1.495e-02		11.488
1		0.00		-6.00		5.917e-02		-47.433		1.451e-02		9.285
1		0.00		-5.60		5.721e-02		-49.202		1.273e-02		7.079
1		0.00		-5.20		5.370e-02		-49.908		1.238e-02		6.314
1		0.00		-4.80		4.883e-02		-50.408		1.182e-02		8.211
1		0.00		-4.40		4.529e-02		-50.953		1.107e-02		7.215
1		0.00		-4.00		4.009e-02		-50.072		9.974e-03		7.001
1		0.00		-3.60		3.633e-02		-49.042		8.862e-03		8.147
1		0.00		-3.20		3.228e-02		-47.457		7.525e-03		8.222
1		0.00		-2.80		2.759e-02		-48.308		6.395e-03		9.210
1		0.00		-2.40		2.327e-02		-44.993		5.341e-03		11.310
1		0.00		-2.00		1.863e-02		-44.156		4.055e-03		10.223
1		0.00		-1.60		1.366e-02		-40.877		3.201e-03		13.755
1		0.00		-1.20		9.273e-03		-41.011		2.240e-03		14.501
1		0.00		-0.80		4.987e-03		-33.268		1.352e-03		26.232
1		0.00		-0.40		2.334e-03		51.540		8.920e-04		61.629
2		0.00		0.00		5.837e-03		105.338		2.038e-03		21.838
2		0.00		0.40		1.015e-02		122.456		2.614e-03		11.671
2		0.00		0.80		1.490e-02		127.708		3.713e-03		11.215
2		0.00		1.20		1.890e-02		126.948		4.204e-03		8.663
2		0.00		1.60		2.323e-02		126.076		5.044e-03		9.069
2		0.00		2.00		2.747e-02		127.043		5.428e-03		8.792
2		0.00		2.40		3.151e-02		128.562		6.268e-03		7.948
2		0.00		2.80		3.570e-02		128.803		6.864e-03		9.653
2		0.00		3.20		3.838e-02		128.512		7.356e-03		7.806
2		0.00		3.60		4.079e-02		129.301		8.200e-03		9.463
2		0.00		4.00		4.390e-02		130.492		8.733e-03		6.748
2		0.00		4.40		4.588e-02		131.386		9.813e-03		7.817
2		0.00		4.80		4.855e-02		130.483		1.114e-02		8.370
2		0.00		5.20		5.198e-02		131.510		1.269e-02		6.713
2		0.00		5.60		5.194e-02		130.976		1.379e-02		7.726
2		0.00		6.00		5.411e-02		131.917		1.647e-02		9.005
2		0.00		6.40		5.591e-02		130.019		1.771e-02		11.977
2		0.00		6.80		5.645e-02		127.359		1.798e-02		28.649
2		0.00		7.20		5.731e-02		128.235		1.881e-02		23.270
2		0.00		7.60		5.885e-02		130.992		1.912e-02		14.825
2		0.00		8.00		5.835e-02		129.957		1.963e-02		23.796
2		0.00		8.40		5.828e-02		128.270		1.881e-02		26.368
2		0.00		8.80		5.982e-02		127.471		1.967e-02		29.701
2		0.00		9.20		5.982e-02		131.749		1.822e-02		27.438
2		0.00		9.60		6.000e-02		128.541		1.883e-02		19.753
2		0.00		10.00		5.739e-02		131.070		1.765e-02		16.348
2		0.00		9.60		5.586e-02		127.322		1.708e-02		21.052
2		0.00		9.20		5.700e-02		128.078		1.618e-02		16.488
2		0.00		8.80		5.449e-02		130.226		1.454e-02		13.291
2		0.00		8.40		5.183e-02		131.992		1.260e-02		10.383
2		0.00		8.00		4.900e-02		131.364		1.250e-02		10.928
2		0.00		7.60		4.731e-02		130.702		1.113e-02		9.698
2		0.00		7.20		4.441e-02		132.059		1.126e-02		9.223
2		0.00		6.80		4.089e-02		130.915		1.114e-02		8.702
2		0.00		6.40		3.687e-02		132.380		1.124e-02		8.796
2		0.00		6.00		3.240e-02		130.446		1.057e-02		9.844
2		0.00		5.60		2.899e-02		129.130		9.521e-03		22.442
2		0.00		5.20		2.521e-02		127.914		8.163e-03		25.377
2		0.00		4.80		2.143e-02		128.650		6.958e-03		23.214
2		0.00		4.40		1.789e-02		128.944		5.461e-03		21.676
2		0.00		4.00		1.367e-02		129.978		4.163e-03		18.706
2		0.00		3.60		1.005e-02		130.132		2.994e-03		18.801
2		0.00		3.20		5.529e-03		122.319		1.834e-03		38.544
2		0.00		2.80		2.144e-03		43.287		8.715e-04		74.689
2		0.00		2.40		4.026e-03		-48.256		1.502e-03		25.074
2		0.00		2.00		8.286e-03		-56.801		2.104e-03		18.576
2		0.00		1.60		1.298e-02		-52.053		2.685e-03		12.495
2		0.00		1.20		1.775e-02		-51.083		3.884e-03		11.711
2		0.00		0.80		2.255e-02		-50.435		4.568e-03		9.305
2		0.00		0.40		2.704e-02		-50.704		5.401e-03		9.579
2		0.00		0.00		3.214e-02		-51.494		6.649e-03		8.861
2		0.00		-0.40		3.728e-02		-50.619		7.728e-03		7.247
2		0.00		-0.80		4.119e-02		-50.933		9.669e-03		8.370
2		0.00		-1.20		4.558e-02		-52.015		1.111e-02		7.390
2		0.00		-1.60		4.864e-02		-51.767		1.296e-02		7.294
2		0.00		-2.00		5.159e-02		-52.360		1.455e-02		9.458
2		0.00		-2.40		5.430e-02		-51.930		1.656e-02		10.228
2		0.00		-2.80		5.731e-02		-51.443		1.727e-02		9.407
2		0.00		-3.20		6.003e-02		-51.848		1.827e-02		10.563
2		0.00		-3.60		6.198e-02		-50.792		1.905e-02		13.276
2		0.00		-4.00		6.243e-02		-50.318		1.839e-02		16.267
2		0.00		-4.40		6.384e-02		-49.953		1.946e-02		16.059
2		0.00		-4.80		6.451e-02		-47.977		1.920e-02		17.189
2		0.00		-5.20		6.478e-02		-44.739		1.882e-02		14.965
2		0.00		-5.60		6.694e-02		-48.580		1.994e-02		19.002
2		0.00		-6.00		6.853e-02		-45.052		2.051e-02		17.273
2		0.00		-6.40		7.065e-02		-46.213		1.896e-02		15.095
2		0.00		-6.80		7.347e-02		-43.790		1.938e-02		16.813
2		0.00		-7.20		7.091e-02		-45.915		1.936e-02		20.228
2		0.00		-7.60		7.349e-02		-44.396		1.871e-02		17.033
2		0.00		-8.00		7.094e-02		-44.976		1.891e-02		20.490
2		0.00		-8.40		6.944e-02		-45.590		1.852e-02		17.943
2		0.00		-8.80		6.681e-02		-46.899		2.101e-02		23.725
2		0.00		-9.20		6.215e-02		-40.506		1.814e-02		18.383
2		0.00		-9.60		5.797e-02		-47.968		1.838e-02		18.110
2		0.00		-10.00		5.184e-02		-46.079		1.602e-02		13.816
2		0.00		-9.60		5.784e-02		-48.383		1.927e-02		15.054
2		0.00		-9.20		6.334e-02		-44.787		2.056e-02		14.381
2		0.00		-8.80		6.383e-02		-41.398		1.962e-02		14.133
2		0.00		-8.40		6.697e-02		-45.115		1.889e-02		14.670
2		0.00		-8.00		6.630e-02		-43.933		1.925e-02		17.903
2		0.00		-7.60		6.424e-02		-48.061		1.857e-02		17.093
2		0.00		-7.20		6.207e-02		-44.989		1.849e-02		16.065
2		0.00		-6.80		6.186e-02		-44.121		1.770e-02		18.329
2		0.00		-6.40		6.171e-02		-45.582		1.787e-02		14.660
2		0.00		-6.00		5.951e-02		-47.893		1.669e-02		13.130
2		0.00		-5.60		5.643e-02		-47.231		1.528e-02		10.166
2		0.00		-5.20		5.408e-02		-48.807		1.412e-02		10.737
2		0.00		-4.80		5.059e-02		-50.613		1.314e-02		13.544
2		0.00		-4.40		4.686e-02		-49.393		1.110e-02		9.262
2		0.00		-4.00		4.318e-02		-50.026		9.931e-03		9.940
2		0.00		-3.60		3.944e-02		-49.042		8.728e-03		9.892
2		0.00		-3.20		3.567e-02		-49.698		7.409e-03		9.187
2		0.00		-2.80		3.143e-02		-49.753		6.540e-03		9.709
2		0.00		-2.40		2.732e-02		-49.424		5.510e-03		9.815
2		0.00		-2.00		2.322e-02		-48.921		4.456e-03		9.491
2		0.00		-1.60		1.876e-02		-49.738		3.727e-03		9.827
2		0.00		-1.20		1.422e-02		-48.745		2.992e-03		13.144
2		0.00		-0.80		9.617e-03		-45.186		2.116e-03		13.918
2		0.00		-0.40		5.381e-03		-27.646		1.532e-03		21.677
3		0.00		0.00		2.226e-03		9.131		9.658e-04		59.449
3		0.00		0.40		4.495e-03		102.194		1.701e-03		40.953
3		0.00		0.80		8.473e-03		119.247		2.569e-03		24.747
3		0.00		1.20		1.283e-02		125.666		3.128e-03		9.519
3		0.00		1.60		1.709e-02		127.043		3.895e-03		9.799
3		0.00		2.00		2.081e-02		127.711		4.894e-03		8.076
3		0.00		2.40		2.455e-02		129.761		5.778e-03		10.082
3		0.00		2.80		2.779e-02		129.844		6.960e-03		8.623
3		0.00		3.20		3.055e-02		128.904		8.108e-03		8.491
3		0.00		3.60		3.325e-02		130.684		9.344e-03		8.497
3		0.00		4.00		3.554e-02		130.004		1.055e-02		8.837
3		0.00		4.40		3.816e-02		130.613		1.164e-02		8.609
3		0.00		4.80		3.991e-02		130.259		1.269e-02		8.916
3		0.00		5.20		4.112e-02		129.725		1.406e-02		11.127
3		0.00		5.60		4.317e-02		128.379		1.436e-02		12.625
3		0.00		6.00		4.552e-02		128.299		1.537e-02		15.036
3		0.00		6.40		4.867e-02		129.104		1.593e-02		15.369
3		0.00		6.80		5.086e-02		127.663		1.622e-02		20.355
3		0.00		7.20		5.346e-02		129.670		1.648e-02		14.980
3		0.00		7.60		5.498e-02		129.167		1.721e-02		16.526
3		0.00		8.00		5.777e-02		128.375		1.860e-02		21.538
3		0.00		8.40		5.846e-02		128.623		1.821e-02		22.486
3		0.00		8.80		5.956e-02		129.307		1.832e-02		19.992
3		0.00		9.20		5.921e-02		128.188		1.848e-02		22.286
3		0.00		9.60		5.761e-02		127.150		1.906e-02		31.774
3		0.00		10.00		5.553e-02		128.983		1.850e-02		24.379
3		0.00		9.60		5.685e-02		126.619		1.891e-02		31.212
3		0.00		9.20		5.666e-02		128.144		1.907e-02		23.280
3		0.00		8.80		5.345e-02		129.386		1.839e-02		18.339
3		0.00		8.40		5.121e-02		130.223		1.725e-02		18.145
3		0.00		8.00		4.861e-02		127.593		1.665e-02		23.741
3		0.00		7.60		4.692e-02		130.757		1.532e-02		15.526
3		0.00		7.20		4.376e-02		129.815		1.425e-02		14.592
3		0.00		6.80		4.093e-02		130.529		1.279e-02		11.590
3		0.00		6.40		3.774e-02		131.553		1.173e-02		11.773
3		0.00		6.00		3.480e-02		131.172		1.043e-02		9.900
3		0.00		5.60		3.189e-02		133.606		8.591e-03		8.810
3		0.00		5.20		2.871e-02		132.725		7.389e-03		7.841
3		0.00		4.80		2.523e-02		132.606		6.450e-03		9.502
3		0.00		4.40		2.068e-02		134.122		5.175e-03		8.978
3		0.00		4.00		1.662e-02		133.378		4.000e-03		9.577
3		0.00		3.60		1.213e-02		133.661		3.142e-03		9.844
3		0.00		3.20		7.378e-03		130.644		1.999e-03		15.373
3		0.00		2.80		3.058e-03		93.182		1.074e-03		67.703
3		0.00		2.40		2.594e-03		-53.348		1.117e-03		47.409
3		0.00		2.00		7.415e-03		-52.839		2.035e-03		18.708
3		0.00		1.60		1.194e-02		-51.370		2.568e-03		12.677
3		0.00		1.20		1.668e-02		-51.694		3.469e-03		11.892
3		0.00		0.80		2.166e-02		-53.751		4.753e-03		9.630
3		0.00		0.40		2.644e-02		-52.786		5.711e-03		10.198
3		0.00		0.00		3.100e-02		-51.666		6.651e-03		9.660
3		0.00		-0.40		3.570e-02		-50.617		8.022e-03		8.215
3		0.00		-0.80		3.936e-02		-49.604		8.642e-03		7.863
3		0.00		-1.20		4.303e-02		-51.754		9.732e-03		8.091
3		0.00		-1.60		4.636e-02		-51.245		1.073e-02		9.383
3		0.00		-2.00		5.058e-02		-52.021		1.220e-02		11.738
3		0.00		-2.40		5.375e-02		-52.531		1.422e-02		14.641
3		0.00		-2.80		5.685e-02		-52.054		1.499e-02		12.347
3		0.00		-3.20		5.889e-02		-50.784		1.600e-02		8.831
3		0.00		-3.60		6.176e-02		-52.665		1.739e-02		13.137
3		0.00		-4.00		6.568e-02		-51.618		1.759e-02		8.723
3		0.00		-4.40		6.364e-02		-49.896		1.770e-02		13.401
3		0.00		-4.80		6.466e-02		-48.126		1.725e-02		14.320
3		0.00		-5.20		6.977e-02		-48.904		1.786e-02		13.594
3		0.00		-5.60		7.148e-02		-47.389		1.760e-02		14.165
3		0.00		-6.00		6.994e-02		-43.685		1.569e-02		13.295
3		0.00		-6.40		6.823e-02		-45.282		1.973e-02		23.932
3		0.00		-6.80		6.850e-02		-47.862		1.560e-02		19.293
3		0.00		-7.20		7.019e-02		-40.638		1.916e-02		19.420
3		0.00		-7.60		7.017e-02		-47.763		1.964e-02		20.936
3		0.00		-8.00		6.950e-02		-42.088		2.006e-02		18.005
3		0.00		-8.40		6.745e-02		-46.513		1.997e-02		17.638
3		0.00		-8.80		6.627e-02		-45.609		2.233e-02		19.084
3		0.00		-9.20		6.336e-02		-47.001		2.210e-02		22.017
3		0.00		-9.60		5.847e-02		-40.795		2.058e-02		23.582
3		0.00		-10.00		5.332e-02		-34.999		1.789e-02		21.604
3		0.00		-9.60		5.919e-02		-39.701		1.961e-02		24.865
3		0.00		-9.20		6.203e-02		-41.647		1.942e-02		17.491
3		0.00		-8.80		6.667e-02		-44.890		1.943e-02		15.651
3		0.00		-8.40		6.874e-02		-45.331		1.873e-02		14.804
3		0.00		-8.00		7.099e-02		-43.839		1.627e-02		11.785
3		0.00		-7.60		7.025e-02		-44.361		1.571e-02		11.277
3		0.00		-7.20		6.669e-02		-44.168		1.491e-02		13.250
3		0.00		-6.80		6.593e-02		-46.870		1.504e-02		14.049
3		0.00		-6.40		6.283e-02		-47.975		1.453e-02		15.235
3		0.00		-6.00		6.046e-02		-47.077		1.450e-02		12.951
3		0.00		-5.60		5.781e-02		-47.902		1.436e-02		12.175
3		0.00		-5.20		5.442e-02		-49.934		1.495e-02		15.122
3		0.00		-4.80		5.083e-02		-51.150		1.396e-02		13.524
3		0.00		-4.40		4.793e-02		-51.110		1.397e-02		13.255
3		0.00		-4.00		4.416e-02		-51.726		1.257e-02		12.624
3		0.00		-3.60		4.000e-02		-50.331		1.127e-02		9.337
3		0.00		-3.20		3.672e-02		-48.579		9.852e-03		7.310
3		0.00		-2.80		3.279e-02		-49.819		7.931e-03		8.008
3		0.00		-2.40		2.884e-02		-49.518		6.382e-03		8.817
3		0.00		-2.00		2.544e-02		-48.887		4.859e-03		9.191
3		0.00		-1.60		2.087e-02		-46.847		3.544e-03		9.159
3		0.00		-1.20		1.603e-02		-45.320		2.917e-03		9.335
3		0.00		-0.80		1.142e-02		-43.107		2.378e-03		11.913
3		0.00		-0.40		7.122e-03		-37.426		1.779e-03		17.295
4		0.00		0.00		3.242e-03		-24.202		1.407e-03		34.048
4		0.00		0.40		2.814e-03		71.960		1.028e-03		48.808
4		0.00		0.80		6.618e-03		113.390		2.083e-03		30.988
4		0.00		1.20		1.102e-02		123.516		3.237e-03		14.775
4		0.00		1.60		1.436e-02		126.174		3.849e-03		11.585
4		0.00		2.00		1.884e-02		128.536		4.675e-03		8.044
4		0.00		2.40		2.280e-02		128.839		4.999e-03		8.969
4		0.00		2.80		2.627e-02		129.565		5.837e-03		8.617
4		0.00		3.20		2.988e-02		129.575		6.547e-03		8.155
4		0.00		3.60		3.323e-02		130.626		7.184e-03		8.056
4		0.00		4.00		3.549e-02		131.749		7.931e-03		8.740
4		0.00		4.40		3.845e-02		130.823		9.547e-03		10.262
4		0.00		4.80		4.065e-02		131.055		1.136e-02		13.549
4		0.00		5.20		4.299e-02		130.278		1.245e-02		16.096
4		0.00		5.60		4.485e-02		130.635		1.353e-02		16.369
4		0.00		6.00		4.761e-02		130.798		1.414e-02		10.979
4		0.00		6.40		5.104e-02		131.698		1.391e-02		7.841
4		0.00		6.80		5.433e-02		131.776		1.339e-02		7.563
4		0.00		7.20		5.523e-02		132.093		1.322e-02		9.100
4		0.00		7.60		5.574e-02		133.212		1.291e-02		7.798
4		0.00		8.00		5.840e-02		133.098		1.358e-02		9.186
4		0.00		8.40		5.653e-02		133.199		1.445e-02		12.468
4		0.00		8.80		5.764e-02		133.731		1.489e-02		12.518
4		0.00		9.20		5.809e-02		130.901		1.716e-02		16.487
4		0.00		9.60		5.676e-02		127.642		1.825e-02		22.835
4		0.00		10.00		5.484e-02		132.493		1.726e-02		17.093
4		0.00		9.60		5.517e-02		129.702		1.815e-02		22.475
4		0.00		9.20		5.458e-02		129.795		1.838e-02		19.220
4		0.00		8.80		5.256e-02		128.808		1.768e-02		15.966
4		0.00		8.40		4.988e-02		131.810		1.599e-02		9.164
4		0.00		8.00		4.821e-02		132.249		1.397e-02		8.294
4		0.00		7.60		4.539e-02		132.530		1.199e-02		9.687
4		0.00		7.20		4.230e-02		132.970		1.039e-02		7.879
4		0.00		6.80		3.925e-02		132.418		9.311e-03		9.666
4		0.00		6.40		3.600e-02		132.753		8.169e-03		8.840
4		0.00		6.00		3.298e-02		133.030		7.636e-03		8.854
4		0.00		5.60		2.959e-02		134.536		6.600e-03		10.002
4		0.00		5.20		2.596e-02		133.704		5.953e-03		10.283
4		0.00		4.80		2.210e-02		134.268		5.309e-03		13.582
4		0.00		4.40		1.794e-02		133.770		4.388e-03		16.558
4		0.00		4.00		1.350e-02		135.143		3.605e-03		17.104
4		0.00		3.60		9.056e-03		130.938		2.561e-03		22.877
4		0.00		3.20		4.144e-03		123.016		1.329e-03		48.005
4		0.00		2.80		2.063e-03		-33.728		8.619e-04		72.122
4		0.00		2.40		5.585e-03		-58.485		1.722e-03		18.648
4		0.00		2.00		1.078e-02		-54.685		2.374e-03		11.674
4		0.00		1.60		1.561e-02		-52.808		2.878e-03		10.826
4		0.00		1.20		2.114e-02		-52.351		3.838e-03		8.952
4		0.00		0.80		2.615e-02		-50.400		4.445e-03		9.033
4		0.00		0.40		3.129e-02		-50.218		4.890e-03		8.049
4		0.00		0.00		3.542e-02		-51.038		6.064e-03		7.584
4		0.00		-0.40		4.101e-02		-50.510		6.899e-03		7.446
4		0.00		-0.80		4.573e-02		-49.701		8.623e-03		8.037
4		0.00		-1.20		4.912e-02		-50.953		9.838e-03		10.331
4		0.00		-1.60		5.185e-02		-51.233		1.142e-02		11.867
4		0.00		-2.00		5.279e-02		-51.328		1.309e-02		15.235
4		0.00		-2.40		5.847e-02		-50.997		1.481e-02		12.442
4		0.00		-2.80		6.138e-02		-51.830		1.613e-02		11.544
4		0.00		-3.20		6.530e-02		-51.012		1.595e-02		8.411
4		0.00		-3.60		6.324e-02		-50.921		1.603e-02		12.912
4		0.00		-4.00		6.593e-02		-49.113		1.439e-02		10.556
4		0.00		-4.40		6.851e-02		-46.519		1.562e-02		12.873
4		0.00		-4.80		6.720e-02		-43.736		1.676e-02		16.401
4		0.00		-5.20		6.914e-02		-50.032		1.421e-02		16.555
4		0.00		-5.60		6.749e-02		-41.828		1.797e-02		21.973
4		0.00		-6.00		7.128e-02		-46.150		1.753e-02		17.710
4		0.00		-6.40		7.188e-02		-43.847		2.031e-02		21.742
4		0.00		-6.80		6.962e-02		-41.435		2.149e-02		22.249
4		0.00		-7.20		6.890e-02		-40.802		2.366e-02		24.339
4		0.00		-7.60		6.411e-02		-42.238		2.304e-02		24.908
4		0.00		-8.00		6.499e-02		-40.985		2.244e-02		27.003
4		0.00		-8.40		6.814e-02		-43.422		2.367e-02		23.619
4		0.00		-8.80		6.319e-02		-45.686		2.243e-02		25.205
4		0.00		-9.20		6.144e-02		-44.202		2.171e-02		20.480
4		0.00		-9.60		5.895e-02		-42.413		2.004e-02		17.021
4		0.00		-10.00		5.464e-02		-45.426		1.649e-02		10.476
4		0.00		-9.60		5.865e-02		-47.624		1.658e-02		16.104
4		0.00		-9.20		6.321e-02		-44.609		1.706e-02		15.854
4		0.00		-8.80		6.739e-02		-47.012		1.835e-02		17.704
4		0.00		-8.40		6.875e-02		-47.582		1.700e-02		18.012
4		0.00		-8.00		6.852e-02		-46.450		1.792e-02		16.253
4		0.00		-7.60		6.969e-02		-43.708		1.885e-02		13.660
4		0.00		-7.20		6.638e-02		-43.989		1.826e-02		14.918
4		0.00		-6.80		6.380e-02		-45.138		1.725e-02		14.916
4		0.00		-6.40		6.205e-02		-46.593		1.832e-02		17.764
4		0.00		-6.00		6.058e-02		-45.910		1.677e-02		12.243
4		0.00		-5.60		5.928e-02		-46.840		1.622e-02		12.212
4		0.00		-5.20		5.604e-02		-48.589		1.552e-02		7.769
4		0.00		-4.80		5.508e-02		-49.905		1.293e-02		5.698
4		0.00		-4.40		5.130e-02		-50.933		1.068e-02		5.381
4		0.00		-4.00		4.777e-02		-50.861		9.213e-03		5.957
4		0.00		-3.60		4.390e-02		-51.028		7.908e-03		6.852
4		0.00		-3.20		4.004e-02		-51.518		7.402e-03		8.250
4		0.00		-2.80		3.577e-02		-49.684		6.283e-03		6.875
4		0.00		-2.40		3.133e-02		-47.471		6.449e-03		9.123
4		0.00		-2.00		2.684e-02		-46.242		5.668e-03		9.332
4		0.00		-1.60		2.261e-02		-47.298		4.964e-03		13.383
4		0.00		-1.20		1.864e-02		-47.006		4.176e-03		10.737
4		0.00		-0.80		1.420e-02		-41.054		3.255e-03		14.709
4		0.00		-0.40		9.964e-03		-38.886		2.190e-03		10.614
5		0.00		0.00		5.053e-03		-23.407		1.573e-03		27.448
5		0.00		0.40		2.034e-03		-6.915		8.698e-04		61.225
5		0.00		0.80		4.342e-03		105.685		1.380e-03		35.264
5		0.00		1.20		8.664e-03		122.505		2.354e-03		22.121
5		0.00		1.60		1.258e-02		126.948		2.582e-03		10.723
5		0.00		2.00		1.706e-02		128.927		3.585e-03		8.473
5		0.00		2.40		2.123e-02		128.694		4.685e-03		9.621
5		0.00		2.80		2.439e-02		128.378		6.197e-03		14.470
5		0.00		3.20		2.713e-02		128.933		7.634e-03		16.548
5		0.00		3.60		3.024e-02		129.342		8.902e-03		16.733
5		0.00		4.00		3.294e-02		129.853		1.002e-02		12.810
5		0.00		4.40		3.625e-02		132.314		1.048e-02		8.002
5		0.00		4.80		3.929e-02		130.482		1.086e-02		9.072
5		0.00		5.20		4.164e-02		130.162		1.053e-02		8.283
5		0.00		5.60		4.457e-02		130.936		1.050e-02		8.168
5		0.00		6.00		4.573e-02		131.970		1.030e-02		8.073
5		0.00		6.40		4.835e-02		133.303		1.020e-02		8.283
5		0.00		6.80		4.842e-02		133.806		9.802e-03		8.037
5		0.00		7.20		5.034e-02		134.209		1.127e-02		9.539
5		0.00		7.60		5.244e-02		133.107		1.309e-02		10.926
5		0.00		8.00		5.409e-02		130.619		1.476e-02		15.257
5		0.00		8.40		5.414e-02		131.048		1.586e-02		19.175
5		0.00		8.80		5.666e-02		129.929		1.718e-02		20.437
5		0.00		9.20		5.756e-02		128.823		1.805e-02		24.552
5		0.00		9.60		5.845e-02		131.578		1.817e-02		18.645
5		0.00		10.00		5.673e-02		132.012		1.814e-02		17.547
5		0.00		9.60		5.680e-02		130.973		1.793e-02		13.892
5		0.00		9.20		5.626e-02		131.643		1.655e-02		8.619
5		0.00		8.80		5.466e-02		132.044		1.645e-02		8.515
5		0.00		8.40		5.205e-02		132.774		1.373e-02		7.934
5		0.00		8.00		4.948e-02		133.250		1.223e-02		7.690
5		0.00		7.60		4.619e-02		132.887		1.027e-02		7.306
5		0.00		7.20		4.311e-02		133.527		9.379e-03		7.534
5		0.00		6.80		4.014e-02		133.677		8.368e-03		7.194
5		0.00		6.40		3.679e-02		134.004		7.586e-03		7.451
5		0.00		6.00		3.303e-02		133.682		7.449e-03		8.261
5		0.00		5.60		3.026e-02		134.358		6.482e-03		8.267
5		0.00		5.20		2.613e-02		133.284		5.958e-03		10.401
5		0.00		4.80		2.224e-02		134.509		5.186e-03		11.101
5		0.00		4.40		1.864e-02		137.083		4.385e-03		13.617
5		0.00		4.00		1.423e-02		132.712		3.624e-03		16.440
5		0.00		3.60		9.913e-03		136.556		2.759e-03		20.253
5		0.00		3.20		5.078e-03		128.291		1.723e-03		37.698
5		0.00		2.80		1.740e-03		-12.989		7.081e-04		78.011
5		0.00		2.40		5.192e-03		-65.060		1.442e-03		19.381
5		0.00		2.00		1.001e-02		-60.809		2.445e-03		14.642
5		0.00		1.60		1.469e-02		-49.497		3.233e-03		9.275
5		0.00		1.20		1.960e-02		-48.814		4.303e-03		9.536
5		0.00		0.80		2.465e-02		-52.331		5.283e-03		9.337
5		0.00		0.40		2.934e-02		-50.949		5.950e-03		8.143
5		0.00		0.00		3.428e-02		-50.851		6.275e-03		7.478
5		0.00		-0.40		3.877e-02		-51.118		7.293e-03		7.752
5		0.00		-0.80		4.301e-02		-52.115		8.083e-03		6.473
5		0.00		-1.20		4.732e-02		-52.281		9.003e-03		7.013
5		0.00		-1.60		5.100e-02		-52.690		9.735e-03		7.173
5		0.00		-2.00		5.502e-02		-52.096		1.104e-02		8.537
5		0.00		-2.40		5.756e-02		-52.479		1.116e-02		9.738
5		0.00		-2.80		5.953e-02		-53.310		1.354e-02		13.131
5		0.00		-3.20		6.068e-02		-53.617		1.415e-02		14.841
5		0.00		-3.60		6.401e-02		-51.302		1.352e-02		10.415
5		0.00		-4.00		6.600e-02		-50.865		1.573e-02		14.827
5		0.00		-4.40		6.690e-02		-47.545		1.596e-02		10.815
5		0.00		-4.80		6.848e-02		-45.430		1.720e-02		10.569
5		0.00		-5.20		6.897e-02		-45.838		1.883e-02		13.270
5		0.00		-5.60		6.884e-02		-44.076		1.835e-02		14.293
5		0.00		-6.00		6.688e-02		-42.819		1.858e-02		15.788
5		0.00		-6.40		7.054e-02		-44.216		1.941e-02		19.206
5		0.00		-6.80		6.672e-02		-44.491		2.107e-02		18.689
5		0.00		-7.20		6.596e-02		-40.151		2.112e-02		22.891
5		0.00		-7.60		6.461e-02		-38.519		2.037e-02		23.325
5		0.00		-8.00		6.811e-02		-40.687		2.216e-02		21.402
5		0.00		-8.40		6.490e-02		-40.449		2.119e-02		26.417
5		0.00		-8.80		6.238e-02		-38.793		1.974e-02		25.149
5		0.00		-9.20		6.096e-02		-37.150		2.075e-02		24.100
5		0.00		-9.60		5.930e-02		-35.863		2.059e-02		25.733
5		0.00		-10.00		5.331e-02		-39.876		1.798e-02		17.732
5		0.00		-9.60		5.945e-02		-38.625		1.828e-02		18.771
5		0.00		-9.20		6.425e-02		-38.767		1.990e-02		17.824
5		0.00		-8.80		6.506e-02		-37.801		1.916e-02		21.237
5		0.00		-8.40		6.665e-02		-36.726		1.879e-02		20.902
5		0.00		-8.00		6.545e-02		-39.469		1.931e-02		21.895
5		0.00		-7.60		6.563e-02		-42.286		1.810e-02		15.416
5		0.00		-7.20		6.778e-02		-44.599		1.902e-02		13.383
5		0.00		-6.80		6.441e-02		-43.672		1.641e-02		11.261
5		0.00		-6.40		6.304e-02		-44.378		1.679e-02		13.144
5		0.00		-6.00		6.171e-02		-45.469		1.738e-02		10.125
5		0.00		-5.60		5.920e-02		-47.411		1.669e-02		9.511
5		0.00		-5.20		5.664e-02		-49.751		1.621e-02		12.730
5		0.00		-4.80		5.415e-02		-50.575		1.533e-02		11.869
5		0.00		-4.40		5.037e-02		-51.769		1.398e-02		13.588
5		0.00		-4.00		4.652e-02		-50.657		1.286e-02		12.010
5		0.00		-3.60		4.287e-02		-51.162		1.184e-02		12.380
5		0.00		-3.20		3.972e-02		-51.113		1.027e-02		11.844
5		0.00		-2.80		3.564e-02		-48.605		9.173e-03		11.913
5		0.00		-2.40		3.142e-02		-50.001		7.935e-03		11.210
5		0.00		-2.00		2.823e-02		-47.226		6.384e-03		11.662
5		0.00		-1.60		2.411e-02		-46.112		5.101e-03		10.935
5		0.00		-1.20		1.975e-02		-46.524		4.257e-03		10.676
5		0.00		-0.80		1.501e-02		-42.195		3.216e-03		10.218
5		0.00		-0.40		1.038e-02		-38.298		2.348e-03		13.114
6		0.00		0.00		6.028e-03		-37.284		1.790e-03		16.612
6		0.00		0.40		2.427e-03		6.456		1.138e-03		53.166
6		0.00		0.80		3.297e-03		93.693		1.273e-03		37.871
6		0.00		1.20		7.783e-03		123.132		2.456e-03		26.078
6		0.00		1.60		1.178e-02		124.666		3.005e-03		20.732
6		0.00		2.00		1.592e-02		125.859		4.313e-03		18.924
6		0.00		2.40		1.984e-02		128.888		5.125e-03		15.736
6		0.00		2.80		2.333e-02		128.379		6.105e-03		17.442
6		0.00		3.20		2.700e-02		129.153		6.843e-03		15.201
6		0.00		3.60		3.000e-02		129.082		7.820e-03		15.852
6		0.00		4.00		3.289e-02		130.214		8.607e-03		16.456
6		0.00		4.40		3.621e-02		131.332		9.684e-03		14.918
6		0.00		4.80		3.817e-02		129.911		1.028e-02		17.345
6		0.00		5.20		4.101e-02		130.780		1.119e-02		15.796
6		0.00		5.60		4.340e-02		130.800		1.119e-02		16.500
6		0.00		6.00		4.640e-02		131.229		1.220e-02		13.669
6		0.00		6.40		4.834e-02		130.109		1.313e-02		19.601
6		0.00		6.80		5.030e-02		130.710		1.396e-02		17.328
6		0.00		7.20		5.204e-02		131.021		1.501e-02		17.822
6		0.00		7.60		5.318e-02		132.275		1.480e-02		13.189
6		0.00		8.00		5.383e-02		130.729		1.594e-02		19.637
6		0.00		8.40		5.546e-02		134.295		1.646e-02		10.212
6		0.00		8.80		5.582e-02		133.690		1.628e-02		12.905
6		0.00		9.20		5.768e-02		131.096		1.793e-02		16.619
6		0.00		9.60		5.624e-02		127.987		1.870e-02		19.511
6		0.00		10.00		5.409e-02		131.032		1.868e-02		16.109
6		0.00		9.60		5.255e-02		131.353		1.777e-02		17.542
6		0.00		9.20		5.294e-02		128.939		1.821e-02		21.749
6		0.00		8.80		5.083e-02		129.382		1.627e-02		19.653
6		0.00		8.40		4.729e-02		131.715		1.489e-02		17.794
6		0.00		8.00		4.538e-02		130.895		1.429e-02		18.112
6		0.00		7.60		4.340e-02		133.044		1.297e-02		11.437
6		0.00		7.20		4.095e-02		132.399		1.187e-02		13.845
6		0.00		6.80		3.878e-02		133.436		1.015e-02		9.931
6		0.00		6.40		3.595e-02		133.767		8.846e-03		8.551
6		0.00		6.00		3.277e-02		135.532		7.893e-03		8.972
6		0.00		5.60		2.921e-02		134.461		6.588e-03		9.033
6		0.00		5.20		2.550e-02		134.754		5.863e-03		10.228
6		0.00		4.80		2.184e-02		135.350		4.797e-03		8.336
6		0.00		4.40		1.770e-02		135.662		3.779e-03		10.574
6		0.00		4.00		1.356e-02		135.627		3.020e-03		11.924
6		0.00		3.60		9.103e-03		138.115		2.012e-03		12.221
6		0.00		3.20		4.630e-03		124.361		1.429e-03		47.955
6		0.00		2.80		1.891e-03		-36.670		7.863e-04		64.692
6		0.00		2.40		5.603e-03		-56.895		1.544e-03		15.481
6		0.00		2.00		1.011e-02		-52.912		2.120e-03		12.282
6		0.00		1.60		1.497e-02		-50.810		3.145e-03		9.712
6		0.00		1.20		1.917e-02		-48.739		3.839e-03		8.486
6		0.00		0.80		2.392e-02		-51.640		4.880e-03		9.066
6		0.00		0.40		2.895e-02		-49.770		5.484e-03		8.034
6		0.00		0.00		3.326e-02		-49.839		6.857e-03		8.679
6		0.00		-0.40		3.789e-02		-48.292		7.443e-03		7.191
6		0.00		-0.80		4.240e-02		-49.578		8.447e-03		8.125
6		0.00		-1.20		4.642e-02		-50.861		9.536e-03		7.634
6		0.00		-1.60		5.035e-02		-50.225		1.056e-02		9.849
6		0.00		-2.00		5.376e-02		-51.374		1.172e-02		9.374
6		0.00		-2.40		5.617e-02		-51.464		1.287e-02		12.012
6		0.00		-2.80		5.865e-02		-52.455		1.363e-02		12.395
6		0.00		-3.20		6.003e-02		-52.680		1.511e-02		12.867
6		0.00		-3.60		6.201e-02		-52.254		1.584e-02		12.348
6		0.00		-4.00		6.300e-02		-51.139		1.635e-02		13.497
6		0.00		-4.40		6.529e-02		-45.903		1.755e-02		11.481
6		0.00		-4.80		6.395e-02		-45.548		1.943e-02		12.959
6		0.00		-5.20		6.569e-02		-48.152		2.010e-02		15.619
6		0.00		-5.60		6.481e-02		-44.945		2.098e-02		14.590
6		0.00		-6.00		6.295e-02		-42.344		2.045e-02		15.361
6		0.00		-6.40		6.465e-02		-44.692		2.143e-02		15.284
6		0.00		-6.80		6.304e-02		-46.026		2.046e-02		19.161
6		0.00		-7.20		6.641e-02		-39.458		2.302e-02		22.864
6		0.00		-7.60		6.410e-02		-41.567		2.177e-02		22.662
6		0.00		-8.00		6.354e-02		-41.366		2.226e-02		23.145
6		0.00		-8.40		6.597e-02		-46.472		2.169e-02		21.775
6		0.00		-8.80		6.366e-02		-41.540		1.989e-02		24.613
6		0.00		-9.20		6.264e-02		-40.392		2.050e-02		24.780
6		0.00		-9.60		5.944e-02		-39.029		1.919e-02		26.511
6		0.00		-10.00		5.305e-02		-37.274		1.698e-02		28.968
6		0.00		-9.60		5.950e-02		-41.798		1.886e-02		24.481
6		0.00		-9.20		6.257e-02		-38.370		1.931e-02		22.135
6		0.00		-8.80		6.450e-02		-40.817		1.904e-02		20.572
6		0.00		-8.40		6.577e-02		-40.449		2.043e-02		16.792
6		0.00		-8.00		6.444e-02		-41.395		1.904e-02		16.576
6		0.00		-7.60		6.640e-02		-43.384		1.776e-02		15.246
6		0.00		-7.20		6.457e-02		-43.690		1.748e-02		14.273
6		0.00		-6.80		6.389e-02		-45.569		1.778e-02		12.629
6		0.00		-6.40		6.369e-02		-46.508		1.667e-02		9.310
6		0.00		-6.00		6.055e-02		-47.531		1.459e-02		8.339
6		0.00		-5.60		5.891e-02		-48.714		1.425e-02		7.355
6		0.00		-5.20		5.719e-02		-48.888		1.242e-02		6.485
6		0.00		-4.80		5.448e-02		-49.827		1.168e-02		6.066
6		0.00		-4.40		5.025e-02		-50.724		1.010e-02		5.108
6		0.00		-4.00		4.755e-02		-50.681		9.506e-03		6.006
6		0.00		-3.60		4.386e-02		-50.356		7.960e-03		5.828
6		0.00		-3.20		4.050e-02		-50.457		7.131e-03		6.656
6		0.00		-2.80		3.662e-02		-49.265		6.478e-03		7.277
6		0.00		-2.40		3.266e-02		-50.050		5.736e-03		7.624
6		0.00		-2.00		2.823e-02		-48.144		4.874e-03		7.957
6		0.00		-1.60		2.395e-02		-48.303		4.261e-03		8.647
6		0.00		-1.20		1.910e-02		-44.029		3.513e-03		9.139
6		0.00		-0.80		1.485e-02		-43.342		2.706e-03		10.536
6		0.00		-0.40		1.066e-02		-43.178		2.255e-03		13.182
7		0.00		0.00		5.803e-03		-30.277		1.617e-03		17.000
7		0.00		0.40		2.579e-03		-27.984		1.146e-03		39.185
7		0.00		0.80		3.635e-03		103.426		1.284e-03		35.567
7		0.00		1.20		6.919e-03		117.632		2.304e-03		28.830
7		0.00		1.60		1.083e-02		125.734		3.243e-03		20.134
7		0.00		2.00		1.493e-02		128.744		4.375e-03		14.723
7		0.00		2.40		1.849e-02		128.095		5.410e-03		14.668
7		0.00		2.80		2.204e-02		131.644		6.618e-03		10.371
7		0.00		3.20		2.559e-02		131.361		7.441e-03		7.745
7		0.00		3.60		2.864e-02		130.301		7.991e-03		9.065
7		0.00		4.00		3.204e-02		131.185		7.922e-03		7.874
7		0.00		4.40		3.546e-02		131.674		7.898e-03		7.794
7		0.00		4.80		3.807e-02		131.421		7.913e-03		6.604
7		0.00		5.20		4.045e-02		132.752		7.893e-03		6.199
7		0.00		5.60		4.341e-02		133.488		8.759e-03		6.857
7		0.00		6.00		4.567e-02		133.604		9.371e-03		6.337
7		0.00		6.40		4.747e-02		133.884		1.055e-02		7.491
7		0.00		6.80		4.792e-02		134.621		1.186e-02		7.594
7		0.00		7.20		5.058e-02		133.257		1.331e-02		11.207
7		0.00		7.60		5.265e-02		133.333		1.498e-02		10.901
7		0.00		8.00		5.355e-02		131.577		1.616e-02		19.500
7		0.00		8.40		5.564e-02		130.227		1.779e-02		18.505
7		0.00		8.80		5.552e-02		129.948		1.846e-02		15.545
7		0.00		9.20		5.565e-02		131.543		1.761e-02		9.725
7		0.00		9.60		5.561e-02		131.441		1.694e-02		8.579
7		0.00		10.00		5.351e-02		132.585		1.590e-02		9.932
7		0.00		9.60		5.324e-02		129.957		1.537e-02		11.419
7		0.00		9.20		5.169e-02		130.560		1.368e-02		12.009
7		0.00		8.80		5.172e-02		134.209		1.196e-02		8.283
7		0.00		8.40		4.888e-02		134.547		1.249e-02		8.821
7		0.00		8.00		4.585e-02		133.581		1.181e-02		9.324
7		0.00		7.60		4.419e-02		133.400		1.206e-02		12.079
7		0.00		7.20		4.081e-02		132.868		1.155e-02		16.406
7		0.00		6.80		3.809e-02		131.503		1.089e-02		18.469
7		0.00		6.40		3.480e-02		132.444		9.847e-03		12.880
7		0.00		6.00		3.169e-02		133.811		8.260e-03		7.862
7		0.00		5.60		2.812e-02		133.732		6.808e-03		8.249
7		0.00		5.20		2.455e-02		135.154		5.269e-03		8.812
7		0.00		4.80		2.068e-02		135.423		4.428e-03		9.052
7		0.00		4.40		1.625e-02		134.468		3.624e-03		9.822
7		0.00		4.00		1.190e-02		138.258		2.941e-03		9.780
7		0.00		3.60		7.615e-03		135.446		2.152e-03		15.993
7		0.00		3.20		3.380e-03		99.886		1.288e-03		75.938
7		0.00		2.80		2.362e-03		-52.927		9.892e-04		47.776
7		0.00		2.40		6.637e-03		-65.498		2.150e-03		17.742
7		0.00		2.00		1.131e-02		-59.660		2.648e-03		9.756
7		0.00		1.60		1.574e-02		-54.564		3.439e-03		9.491
7		0.00		1.20		2.028e-02		-51.248		4.120e-03		10.106
7		0.00		0.80		2.444e-02		-50.015		5.437e-03		9.632
7		0.00		0.40		2.852e-02		-49.497		6.674e-03		9.467
7		0.00		0.00		3.299e-02		-51.292		8.144e-03		13.173
7		0.00		-0.40		3.712e-02		-50.922		9.531e-03		11.765
7		0.00		-0.80		4.205e-02		-50.941		1.021e-02		7.040
7		0.00		-1.20		4.691e-02		-51.014		9.590e-03		6.161
7		0.00		-1.60		5.087e-02		-51.766		9.322e-03		5.792
7		0.00		-2.00		5.362e-02		-51.984		9.895e-03		6.849
7		0.00		-2.40		5.614e-02		-51.254		1.166e-02		9.097
7		0.00		-2.80		5.760e-02		-53.465		1.463e-02		13.168
7		0.00		-3.20		6.001e-02		-51.925		1.602e-02		13.767
7		0.00		-3.60		6.241e-02		-52.028		1.722e-02		10.572
7		0.00		-4.00		6.412e-02		-51.622		1.658e-02		9.974
7		0.00		-4.40		6.611e-02		-51.297		1.508e-02		10.138
7		0.00		-4.80		6.787e-02		-49.036		1.466e-02		9.023
7		0.00		-5.20		6.575e-02		-47.021		1.477e-02		11.462
7		0.00		-5.60		6.799e-02		-47.885		1.889e-02		15.966
7		0.00		-6.00		6.859e-02		-48.043		2.009e-02		14.479
7		0.00		-6.40		6.556e-02		-44.470		2.085e-02		20.386
7		0.00		-6.80		6.630e-02		-43.812		2.159e-02		18.040
7		0.00		-7.20		6.864e-02		-44.065		2.000e-02		15.828
7		0.00		-7.60		7.322e-02		-43.336		1.843e-02		16.127
7		0.00		-8.00		6.856e-02		-46.477		1.731e-02		19.917
7		0.00		-8.40		6.856e-02		-44.261		1.820e-02		15.834
7		0.00		-8.80		6.852e-02		-41.180		2.015e-02		14.866
7		0.00		-9.20		6.250e-02		-38.236		2.042e-02		22.805
7		0.00		-9.60		5.804e-02		-36.302		1.861e-02		27.284
7		0.00		-10.00		5.370e-02		-43.030		1.698e-02		14.711
7		0.00		-9.60		6.057e-02		-42.410		1.688e-02		9.666
7		0.00		-9.20		6.301e-02		-43.922		1.667e-02		15.350
7		0.00		-8.80		6.698e-02		-42.374		1.645e-02		14.221
7		0.00		-8.40		6.823e-02		-41.943		1.777e-02		13.587
7		0.00		-8.00		6.832e-02		-43.653		1.950e-02		13.338
7		0.00		-7.60		6.492e-02		-46.012		2.019e-02		17.862
7		0.00		-7.20		6.256e-02		-42.376		1.809e-02		15.145
7		0.00		-6.80		6.405e-02		-45.599		1.825e-02		10.495
7		0.00		-6.40		6.387e-02		-47.736		1.645e-02		8.592
7		0.00		-6.00		6.076e-02		-49.031		1.364e-02		11.011
7		0.00		-5.60		5.698e-02		-49.454		1.345e-02		11.129
7		0.00		-5.20		5.526e-02		-48.350		1.419e-02		9.966
7		0.00		-4.80		5.173e-02		-50.496		1.415e-02		12.920
7		0.00		-4.40		4.872e-02		-52.286		1.417e-02		17.415
7		0.00		-4.00		4.534e-02		-51.253		1.318e-02		10.025
7		0.00		-3.60		4.239e-02		-50.703		1.078e-02		7.163
7		0.00		-3.20		3.953e-02		-51.235		8.193e-03		6.049
7		0.00		-2.80		3.632e-02		-51.372		6.188e-03		6.282
7		0.00		-2.40		3.227e-02		-50.390		5.464e-03		8.089
7		0.00		-2.00		2.810e-02		-48.948		5.323e-03		8.177
7		0.00		-1.60		2.387e-02		-48.142		4.766e-03		11.259
7		0.00		-1.20		1.963e-02		-46.474		4.460e-03		12.982
7		0.00		-0.80		1.511e-02		-45.973		3.600e-03		10.455
7		0.00		-0.40		1.134e-02		-42.079		2.635e-03		9.136
8		0.00		0.00		6.859e-03		-44.879		1.651e-03		15.570
8		0.00		0.40		2.927e-03		-16.558		1.257e-03		38.512
8		0.00		0.80		2.788e-03		80.958		1.101e-03		46.859
8		0.00		1.20		6.579e-03		124.797		1.795e-03		17.151
8		0.00		1.60		1.052e-02		128.271		2.674e-03		15.791
8		0.00		2.00		1.458e-02		128.949		3.917e-03		13.773
8		0.00		2.40		1.817e-02		128.117		4.923e-03		14.183
8		0.00		2.80		2.189e-02		129.960		5.994e-03		9.598
8		0.00		3.20		2.574e-02		131.909		6.191e-03		8.873
8		0.00		3.60		2.912e-02		130.716		6.428e-03		6.998
8		0.00		4.00		3.171e-02		131.177		6.999e-03		7.320
8		0.00		4.40		3.445e-02		132.355		8.342e-03		8.160
8		0.00		4.80		3.679e-02		132.087		9.788e-03		12.021
8		0.00		5.20		3.917e-02		129.914		1.119e-02		18.752
8		0.00		5.60		4.307e-02		130.670		1.214e-02		17.120
8		0.00		6.00		4.687e-02		132.330		1.209e-02		7.092
8		0.00		6.40		4.863e-02		132.762		1.110e-02		7.618
8		0.00		6.80		4.971e-02		132.644		1.053e-02		8.323
8		0.00		7.20		5.154e-02		132.379		1.156e-02		10.195
8		0.00		7.60		5.240e-02		134.060		1.296e-02		11.391
8		0.00		8.00		5.385e-02		132.429		1.486e-02		15.904
8		0.00		8.40		5.574e-02		130.151		1.709e-02		24.968
8		0.00		8.80		5.763e-02		130.421		1.796e-02		20.973
8		0.00		9.20		5.823e-02		131.471		1.766e-02		13.733
8		0.00		9.60		5.667e-02		132.604		1.534e-02		9.391
8		0.00		10.00		5.338e-02		132.575		1.391e-02		10.988
8		0.00		9.60		5.509e-02		130.962		1.386e-02		11.254
8		0.00		9.20		5.397e-02		130.973		1.530e-02		13.129
8		0.00		8.80		5.131e-02		130.769		1.534e-02		14.419
8		0.00		8.40		4.771e-02		131.825		1.523e-02		17.601
8		0.00		8.00		4.585e-02		130.337		1.541e-02		20.035
8		0.00		7.60		4.272e-02		129.119		1.511e-02		17.537
8		0.00		7.20		4.043e-02		132.350		1.282e-02		9.025
8		0.00		6.80		3.760e-02		133.218		9.714e-03		8.045
8		0.00		6.40		3.494e-02		133.373		7.714e-03		6.934
8		0.00		6.00		3.188e-02		133.721		6.743e-03		7.220
8		0.00		5.60		2.823e-02		134.329		6.239e-03		7.738
8		0.00		5.20		2.449e-02		136.157		5.774e-03		11.082
8		0.00		4.80		2.022e-02		135.430		4.915e-03		14.931
8		0.00		4.40		1.631e-02		136.646		3.958e-03		16.250
8		0.00		4.00		1.205e-02		137.954		2.872e-03		14.405
8		0.00		3.60		7.705e-03		137.026		1.975e-03		12.054
8		0.00		3.20		3.128e-03		94.088		1.144e-03		72.078
8		0.00		2.80		2.590e-03		-69.392		8.850e-04		52.225
8		0.00		2.40		6.995e-03		-64.927		1.588e-03		16.730
8		0.00		2.00		1.178e-02		-54.558		2.419e-03		11.740
8		0.00		1.60		1.625e-02		-49.469		3.371e-03		9.696
8		0.00		1.20		2.084e-02		-50.521		4.546e-03		9.173
8		0.00		0.80		2.511e-02		-50.119		5.777e-03		11.911
8		0.00		0.40		2.980e-02		-50.493		7.348e-03		11.126
8		0.00		0.00		3.410e-02		-50.602		8.224e-03		9.519
8		0.00		-0.40		3.900e-02		-50.943		8.487e-03		6.381
8		0.00		-0.80		4.387e-02		-50.452		8.245e-03		6.427
8		0.00		-1.20		4.854e-02		-51.837		8.839e-03		6.594
8		0.00		-1.60		5.148e-02		-51.654		8.985e-03		6.146
8		0.00		-2.00		5.590e-02		-51.807		1.059e-02		6.796
8		0.00		-2.40		5.689e-02		-52.080		1.266e-02		12.332
8		0.00		-2.80		5.882e-02		-51.227		1.485e-02		12.307
8		0.00		-3.20		6.116e-02		-50.429		1.691e-02		14.035
8		0.00		-3.60		6.312e-02		-51.860		1.698e-02		13.544
8		0.00		-4.00		6.515e-02		-49.495		1.702e-02		9.288
8		0.00		-4.40		6.673e-02		-49.811		1.424e-02		9.158
8		0.00		-4.80		6.970e-02		-46.529		1.367e-02		10.865
8		0.00		-5.20		6.762e-02		-48.415		1.552e-02		17.399
8		0.00		-5.60		6.790e-02		-49.700		1.657e-02		15.682
8		0.00		-6.00		7.002e-02		-47.318		1.922e-02		17.668
8		0.00		-6.40		7.000e-02		-45.499		2.004e-02		12.524
8		0.00		-6.80		6.735e-02		-43.787		2.208e-02		17.323
8		0.00		-7.20		6.400e-02		-40.569		2.137e-02		19.829
8		0.00		-7.60		6.533e-02		-44.865		2.334e-02		24.740
8		0.00		-8.00		6.770e-02		-44.881		2.198e-02		18.426
8		0.00		-8.40		6.819e-02		-45.452		2.049e-02		16.407
8		0.00		-8.80		6.980e-02		-46.002		2.033e-02		13.994
8		0.00		-9.20		6.273e-02		-45.096		1.948e-02		17.658
8		0.00		-9.60		5.955e-02		-47.281		1.706e-02		12.638
8		0.00		-10.00		5.102e-02		-44.354		1.399e-02		11.972
8		0.00		-9.60		5.740e-02		-43.320		1.724e-02		11.272
8		0.00		-9.20		6.055e-02		-42.203		1.879e-02		16.961
8		0.00		-8.80		6.255e-02		-42.164		1.912e-02		20.735
8		0.00		-8.40		6.340e-02		-40.979		1.893e-02		20.747
8		0.00		-8.00		6.540e-02		-43.437		1.963e-02		16.853
8		0.00		-7.60		6.505e-02		-41.206		1.788e-02		12.255
8		0.00		-7.20		6.696e-02		-45.913		1.558e-02		11.152
8		0.00		-6.80		6.642e-02		-46.353		1.432e-02		11.216
8		0.00		-6.40		6.272e-02		-47.723		1.290e-02		11.499
8		0.00		-6.00		6.130e-02		-46.347		1.210e-02		7.539
8		0.00		-5.60		5.770e-02		-47.875		1.341e-02		10.864
8		0.00		-5.20		5.636e-02		-50.103		1.437e-02		11.380
8		0.00		-4.80		5.264e-02		-50.235		1.400e-02		13.224
8		0.00		-4.40		4.915e-02		-50.824		1.337e-02		14.119
8		0.00		-4.00		4.595e-02		-50.775		1.239e-02		14.682
8		0.00		-3.60		4.301e-02		-50.243		1.157e-02		8.503
8		0.00		-3.20		3.966e-02		-49.940		9.491e-03		7.847
8		0.00		-2.80		3.592e-02		-49.474		7.674e-03		6.668
8		0.00		-2.40		3.241e-02		-50.158		6.136e-03		6.994
8		0.00		-2.00		2.809e-02		-48.572		4.844e-03		7.080
8		0.00		-1.60		2.449e-02		-49.263		4.267e-03		7.820
8		0.00		-1.20		1.988e-02		-48.450		3.351e-03		9.584
8		0.00		-0.80		1.558e-02		-46.387		2.717e-03		9.626
8		0.00		-0.40		1.088e-02		-40.628		2.124e-03		11.756
