# Date of analysis: 2023-11-20 16;19
# 
# Loop index	Read Volt (V)	Write Volt (V)	Amplitude (a.u)	Phase (deg)	Sigma Amp (a.u)	Sigma Pha (deg)	
1		0.00		0.00		1.096e-02		-42.947		2.428e-03		12.936
1		0.00		0.40		6.486e-03		-45.042		1.651e-03		13.175
1		0.00		0.80		2.111e-03		-25.602		8.261e-04		55.533
1		0.00		1.20		4.080e-03		116.949		1.244e-03		32.244
1		0.00		1.60		8.226e-03		124.999		2.328e-03		18.367
1		0.00		2.00		1.262e-02		123.595		3.344e-03		18.950
1		0.00		2.40		1.701e-02		128.319		4.455e-03		14.760
1		0.00		2.80		2.164e-02		126.963		5.362e-03		9.276
1		0.00		3.20		2.600e-02		128.760		6.160e-03		9.414
1		0.00		3.60		2.937e-02		129.770		6.501e-03		9.097
1		0.00		4.00		3.378e-02		130.058		7.377e-03		7.631
1		0.00		4.40		3.647e-02		129.974		7.920e-03		8.301
1		0.00		4.80		4.060e-02		129.126		9.903e-03		10.019
1		0.00		5.20		4.254e-02		129.166		1.128e-02		15.582
1		0.00		5.60		4.583e-02		128.721		1.250e-02		19.123
1		0.00		6.00		4.811e-02		129.133		1.333e-02		16.487
1		0.00		6.40		5.075e-02		129.836		1.372e-02		8.620
1		0.00		6.80		5.281e-02		130.962		1.317e-02		8.041
1		0.00		7.20		5.480e-02		131.899		1.278e-02		8.670
1		0.00		7.60		5.497e-02		131.412		1.360e-02		15.921
1		0.00		8.00		5.562e-02		131.517		1.505e-02		15.228
1		0.00		8.40		5.677e-02		130.980		1.822e-02		15.399
1		0.00		8.80		5.596e-02		127.041		2.046e-02		26.060
1		0.00		9.20		5.754e-02		122.880		2.137e-02		35.252
1		0.00		9.60		5.588e-02		120.492		2.008e-02		38.208
1		0.00		10.00		5.668e-02		124.381		2.006e-02		26.850
1		0.00		9.60		5.662e-02		127.066		1.770e-02		18.531
1		0.00		9.20		5.467e-02		131.250		1.543e-02		12.574
1		0.00		8.80		5.468e-02		129.684		1.478e-02		13.840
1		0.00		8.40		5.201e-02		132.297		1.389e-02		11.012
1		0.00		8.00		4.894e-02		127.595		1.512e-02		16.123
1		0.00		7.60		4.723e-02		128.233		1.346e-02		15.274
1		0.00		7.20		4.568e-02		129.166		1.296e-02		15.553
1		0.00		6.80		4.368e-02		128.293		1.233e-02		18.362
1		0.00		6.40		4.106e-02		129.368		1.076e-02		11.713
1		0.00		6.00		3.714e-02		130.232		9.446e-03		8.764
1		0.00		5.60		3.418e-02		130.261		8.160e-03		8.238
1		0.00		5.20		3.064e-02		129.866		6.603e-03		8.533
1		0.00		4.80		2.675e-02		130.785		5.648e-03		9.281
1		0.00		4.40		2.282e-02		131.149		4.819e-03		8.449
1		0.00		4.00		1.829e-02		129.717		4.251e-03		13.679
1		0.00		3.60		1.415e-02		131.825		3.671e-03		13.830
1		0.00		3.20		9.768e-03		125.989		2.643e-03		22.135
1		0.00		2.80		5.183e-03		118.233		1.722e-03		34.329
1		0.00		2.40		2.029e-03		35.371		8.344e-04		71.299
1		0.00		2.00		4.141e-03		-51.334		1.693e-03		21.704
1		0.00		1.60		9.057e-03		-48.187		2.494e-03		15.464
1		0.00		1.20		1.363e-02		-52.579		3.176e-03		11.679
1		0.00		0.80		1.877e-02		-50.153		3.880e-03		9.107
1		0.00		0.40		2.282e-02		-52.023		4.991e-03		10.021
1		0.00		0.00		2.704e-02		-50.184		6.692e-03		10.388
1		0.00		-0.40		3.194e-02		-50.545		7.871e-03		12.750
1		0.00		-0.80		3.654e-02		-51.302		9.260e-03		10.474
1		0.00		-1.20		4.082e-02		-50.202		1.083e-02		9.175
1		0.00		-1.60		4.517e-02		-51.732		1.132e-02		7.803
1		0.00		-2.00		4.949e-02		-53.827		1.106e-02		6.254
1		0.00		-2.40		5.362e-02		-54.283		1.112e-02		8.599
1		0.00		-2.80		5.450e-02		-54.503		1.206e-02		9.412
1		0.00		-3.20		5.694e-02		-54.048		1.339e-02		11.455
1		0.00		-3.60		5.791e-02		-51.978		1.503e-02		14.620
1		0.00		-4.00		5.878e-02		-49.124		1.617e-02		9.994
1		0.00		-4.40		6.001e-02		-51.474		1.782e-02		15.592
1		0.00		-4.80		6.129e-02		-47.249		1.888e-02		14.092
1		0.00		-5.20		6.003e-02		-49.452		1.918e-02		18.801
1		0.00		-5.60		6.228e-02		-44.402		1.773e-02		15.919
1		0.00		-6.00		6.419e-02		-47.989		1.811e-02		17.708
1		0.00		-6.40		6.276e-02		-49.492		1.902e-02		22.570
1		0.00		-6.80		6.717e-02		-48.043		1.913e-02		19.544
1		0.00		-7.20		6.589e-02		-44.215		2.265e-02		23.706
1		0.00		-7.60		6.505e-02		-48.450		2.298e-02		22.994
1		0.00		-8.00		6.418e-02		-42.922		2.464e-02		22.574
1		0.00		-8.40		6.176e-02		-47.551		2.205e-02		21.881
1		0.00		-8.80		6.302e-02		-43.322		1.937e-02		16.408
1		0.00		-9.20		6.143e-02		-39.952		1.790e-02		15.654
1		0.00		-9.60		5.714e-02		-43.634		1.604e-02		8.225
1		0.00		-10.00		5.210e-02		-44.614		1.339e-02		6.371
1		0.00		-9.60		5.451e-02		-44.447		1.487e-02		11.502
1		0.00		-9.20		5.920e-02		-45.002		1.675e-02		10.963
1		0.00		-8.80		6.021e-02		-42.625		1.647e-02		10.863
1		0.00		-8.40		6.349e-02		-45.901		1.849e-02		10.663
1		0.00		-8.00		6.056e-02		-43.949		1.801e-02		13.806
1		0.00		-7.60		6.013e-02		-46.290		1.723e-02		20.137
1		0.00		-7.20		5.738e-02		-44.961		1.720e-02		20.984
1		0.00		-6.80		5.531e-02		-48.608		1.703e-02		11.785
1		0.00		-6.40		5.407e-02		-49.997		1.510e-02		7.169
1		0.00		-6.00		5.108e-02		-49.772		1.268e-02		7.163
1		0.00		-5.60		4.809e-02		-49.900		1.081e-02		5.700
1		0.00		-5.20		4.445e-02		-49.392		9.153e-03		5.998
1		0.00		-4.80		4.036e-02		-50.201		8.610e-03		7.187
1		0.00		-4.40		3.669e-02		-51.223		7.974e-03		8.151
1		0.00		-4.00		3.240e-02		-51.272		7.742e-03		9.637
1		0.00		-3.60		2.846e-02		-50.818		7.175e-03		11.479
1		0.00		-3.20		2.505e-02		-49.538		6.143e-03		11.433
1		0.00		-2.80		2.128e-02		-49.293		5.414e-03		12.693
1		0.00		-2.40		1.704e-02		-46.785		4.069e-03		10.326
1		0.00		-2.00		1.320e-02		-46.179		3.054e-03		12.465
1		0.00		-1.60		8.765e-03		-38.181		1.770e-03		13.933
1		0.00		-1.20		5.416e-03		-38.156		1.514e-03		21.400
1		0.00		-0.80		1.866e-03		-20.665		8.218e-04		53.015
1		0.00		-0.40		4.061e-03		108.887		1.344e-03		34.643
2		0.00		0.00		7.683e-03		125.497		2.018e-03		14.845
2		0.00		0.40		1.221e-02		120.814		2.870e-03		10.550
2		0.00		0.80		1.620e-02		128.553		3.921e-03		11.575
2		0.00		1.20		1.988e-02		128.317		5.356e-03		14.498
2		0.00		1.60		2.269e-02		126.993		6.790e-03		16.062
2		0.00		2.00		2.640e-02		127.112		8.056e-03		16.934
2		0.00		2.40		3.022e-02		128.716		8.769e-03		8.944
2		0.00		2.80		3.317e-02		129.171		8.699e-03		7.267
2		0.00		3.20		3.628e-02		129.422		8.808e-03		6.890
2		0.00		3.60		3.820e-02		130.583		9.052e-03		6.155
2		0.00		4.00		3.990e-02		130.521		9.360e-03		7.291
2		0.00		4.40		4.246e-02		131.893		1.027e-02		6.790
2		0.00		4.80		4.481e-02		129.282		1.256e-02		10.725
2		0.00		5.20		4.786e-02		130.220		1.322e-02		12.672
2		0.00		5.60		5.086e-02		128.185		1.476e-02		15.398
2		0.00		6.00		5.238e-02		129.415		1.549e-02		16.536
2		0.00		6.40		5.486e-02		130.599		1.581e-02		12.632
2		0.00		6.80		5.752e-02		131.630		1.504e-02		5.769
2		0.00		7.20		5.961e-02		131.131		1.556e-02		8.760
2		0.00		7.60		6.039e-02		132.717		1.423e-02		12.781
2		0.00		8.00		6.106e-02		134.397		1.416e-02		10.555
2		0.00		8.40		6.200e-02		126.108		1.808e-02		34.167
2		0.00		8.80		6.215e-02		128.421		1.848e-02		14.421
2		0.00		9.20		6.051e-02		129.101		2.002e-02		24.742
2		0.00		9.60		6.350e-02		126.473		2.258e-02		20.762
2		0.00		10.00		5.698e-02		125.628		2.031e-02		30.495
2		0.00		9.60		5.888e-02		123.860		1.955e-02		32.899
2		0.00		9.20		5.854e-02		124.995		1.867e-02		16.362
2		0.00		8.80		5.934e-02		131.660		1.679e-02		12.342
2		0.00		8.40		5.700e-02		132.986		1.540e-02		8.983
2		0.00		8.00		5.468e-02		130.578		1.492e-02		11.038
2		0.00		7.60		5.301e-02		131.642		1.350e-02		9.686
2		0.00		7.20		4.960e-02		131.092		1.227e-02		9.904
2		0.00		6.80		4.669e-02		131.382		1.282e-02		10.068
2		0.00		6.40		4.438e-02		128.579		1.251e-02		16.261
2		0.00		6.00		4.122e-02		128.821		1.162e-02		20.498
2		0.00		5.60		3.844e-02		128.162		1.086e-02		19.397
2		0.00		5.20		3.517e-02		129.386		9.607e-03		13.463
2		0.00		4.80		3.163e-02		130.962		7.988e-03		7.627
2		0.00		4.40		2.822e-02		130.258		6.549e-03		8.314
2		0.00		4.00		2.385e-02		129.483		5.239e-03		8.763
2		0.00		3.60		2.041e-02		130.046		4.121e-03		9.234
2		0.00		3.20		1.588e-02		130.661		3.466e-03		9.745
2		0.00		2.80		1.176e-02		131.918		2.753e-03		13.121
2		0.00		2.40		7.130e-03		123.468		1.799e-03		21.537
2		0.00		2.00		2.946e-03		102.372		1.156e-03		33.653
2		0.00		1.60		2.629e-03		-35.731		1.161e-03		44.399
2		0.00		1.20		6.265e-03		-50.257		2.305e-03		21.877
2		0.00		0.80		1.044e-02		-49.799		3.212e-03		18.099
2		0.00		0.40		1.530e-02		-51.006		3.996e-03		9.812
2		0.00		0.00		1.961e-02		-50.870		4.899e-03		11.615
2		0.00		-0.40		2.410e-02		-51.288		5.645e-03		8.705
2		0.00		-0.80		2.811e-02		-52.260		6.506e-03		8.746
2		0.00		-1.20		3.184e-02		-52.530		7.637e-03		9.660
2		0.00		-1.60		3.615e-02		-52.614		8.758e-03		10.520
2		0.00		-2.00		3.981e-02		-53.046		1.021e-02		12.156
2		0.00		-2.40		4.348e-02		-52.387		1.133e-02		11.216
2		0.00		-2.80		4.785e-02		-52.503		1.260e-02		8.572
2		0.00		-3.20		5.161e-02		-53.893		1.343e-02		7.209
2		0.00		-3.60		5.418e-02		-52.952		1.252e-02		7.416
2		0.00		-4.00		5.662e-02		-53.558		1.188e-02		7.770
2		0.00		-4.40		5.931e-02		-53.687		1.409e-02		10.395
2		0.00		-4.80		5.674e-02		-51.737		1.517e-02		15.084
2		0.00		-5.20		6.415e-02		-49.748		1.836e-02		11.806
2		0.00		-5.60		5.955e-02		-43.710		1.836e-02		13.328
2		0.00		-6.00		6.141e-02		-47.170		2.004e-02		17.721
2		0.00		-6.40		6.084e-02		-45.851		1.967e-02		21.752
2		0.00		-6.80		6.020e-02		-47.610		1.947e-02		18.532
2		0.00		-7.20		6.552e-02		-44.638		1.919e-02		14.774
2		0.00		-7.60		6.838e-02		-42.666		1.970e-02		16.789
2		0.00		-8.00		6.658e-02		-43.122		1.901e-02		18.252
2		0.00		-8.40		6.365e-02		-45.917		1.907e-02		18.775
2		0.00		-8.80		6.347e-02		-44.509		2.045e-02		17.752
2		0.00		-9.20		6.093e-02		-42.662		2.041e-02		16.228
2		0.00		-9.60		5.558e-02		-45.269		1.867e-02		12.900
2		0.00		-10.00		4.913e-02		-41.465		1.593e-02		14.077
2		0.00		-9.60		5.492e-02		-38.955		1.760e-02		24.986
2		0.00		-9.20		5.783e-02		-40.019		1.680e-02		19.396
2		0.00		-8.80		5.893e-02		-43.248		1.575e-02		10.360
2		0.00		-8.40		6.150e-02		-45.598		1.554e-02		11.185
2		0.00		-8.00		6.282e-02		-47.269		1.537e-02		8.596
2		0.00		-7.60		6.088e-02		-48.503		1.472e-02		12.269
2		0.00		-7.20		5.896e-02		-49.878		1.501e-02		13.635
2		0.00		-6.80		5.613e-02		-49.786		1.550e-02		12.822
2		0.00		-6.40		5.261e-02		-49.752		1.479e-02		12.193
2		0.00		-6.00		4.907e-02		-50.592		1.470e-02		13.467
2		0.00		-5.60		4.593e-02		-52.389		1.420e-02		20.144
2		0.00		-5.20		4.245e-02		-49.744		1.273e-02		15.196
2		0.00		-4.80		3.914e-02		-51.496		1.121e-02		10.029
2		0.00		-4.40		3.582e-02		-51.884		9.193e-03		7.419
2		0.00		-4.00		3.187e-02		-53.280		7.323e-03		7.318
2		0.00		-3.60		2.769e-02		-51.446		5.991e-03		8.741
2		0.00		-3.20		2.411e-02		-50.607		5.157e-03		9.116
2		0.00		-2.80		2.039e-02		-50.463		4.340e-03		8.608
2		0.00		-2.40		1.606e-02		-46.543		3.476e-03		10.261
2		0.00		-2.00		1.221e-02		-42.454		2.580e-03		11.361
2		0.00		-1.60		8.558e-03		-45.258		2.120e-03		11.897
2		0.00		-1.20		4.198e-03		-34.470		1.426e-03		21.978
2		0.00		-0.80		1.847e-03		13.249		7.182e-04		70.971
2		0.00		-0.40		4.135e-03		109.129		1.634e-03		35.007
3		0.00		0.00		7.974e-03		121.594		2.484e-03		14.560
3		0.00		0.40		1.194e-02		125.265		3.172e-03		10.587
3		0.00		0.80		1.572e-02		128.091		3.587e-03		9.464
3		0.00		1.20		1.932e-02		128.856		4.163e-03		8.646
3		0.00		1.60		2.337e-02		128.549		4.588e-03		7.645
3		0.00		2.00		2.674e-02		130.093		5.646e-03		7.342
3		0.00		2.40		3.050e-02		128.657		6.506e-03		7.310
3		0.00		2.80		3.320e-02		129.566		7.644e-03		9.434
3		0.00		3.20		3.638e-02		129.445		8.804e-03		8.094
3		0.00		3.60		3.862e-02		129.615		1.035e-02		11.594
3		0.00		4.00		4.111e-02		128.754		1.162e-02		15.285
3		0.00		4.40		4.399e-02		128.986		1.258e-02		14.182
3		0.00		4.80		4.619e-02		130.574		1.365e-02		9.035
3		0.00		5.20		4.979e-02		130.786		1.346e-02		7.061
3		0.00		5.60		5.179e-02		130.298		1.306e-02		7.697
3		0.00		6.00		5.421e-02		132.930		1.241e-02		6.526
3		0.00		6.40		5.618e-02		130.865		1.273e-02		8.965
3		0.00		6.80		5.720e-02		133.358		1.333e-02		9.039
3		0.00		7.20		5.838e-02		131.404		1.536e-02		13.754
3		0.00		7.60		6.109e-02		130.881		1.723e-02		12.772
3		0.00		8.00		6.054e-02		132.828		1.716e-02		19.275
3		0.00		8.40		6.044e-02		129.088		1.883e-02		32.314
3		0.00		8.80		6.366e-02		132.230		2.017e-02		19.939
3		0.00		9.20		6.102e-02		131.302		1.857e-02		20.254
3		0.00		9.60		6.174e-02		123.950		2.039e-02		28.025
3		0.00		10.00		5.998e-02		128.976		2.065e-02		19.584
3		0.00		9.60		6.174e-02		130.963		1.987e-02		15.632
3		0.00		9.20		6.138e-02		133.168		1.854e-02		11.237
3		0.00		8.80		6.041e-02		133.382		1.639e-02		10.648
3		0.00		8.40		5.803e-02		132.887		1.513e-02		14.467
3		0.00		8.00		5.601e-02		133.327		1.384e-02		8.222
3		0.00		7.60		5.236e-02		131.314		1.364e-02		13.127
3		0.00		7.20		4.961e-02		131.312		1.255e-02		9.765
3		0.00		6.80		4.761e-02		129.877		1.283e-02		10.596
3		0.00		6.40		4.523e-02		130.424		1.185e-02		8.928
3		0.00		6.00		4.230e-02		129.976		1.097e-02		11.371
3		0.00		5.60		3.997e-02		129.605		1.023e-02		14.728
3		0.00		5.20		3.625e-02		130.831		9.231e-03		14.481
3		0.00		4.80		3.260e-02		129.636		8.444e-03		13.643
3		0.00		4.40		2.889e-02		129.861		7.309e-03		9.532
3		0.00		4.00		2.548e-02		130.169		6.248e-03		6.613
3		0.00		3.60		2.141e-02		130.947		4.671e-03		8.236
3		0.00		3.20		1.768e-02		131.885		3.364e-03		8.167
3		0.00		2.80		1.350e-02		130.576		2.720e-03		10.206
3		0.00		2.40		9.307e-03		129.523		1.759e-03		14.766
3		0.00		2.00		4.479e-03		125.706		1.318e-03		25.290
3		0.00		1.60		1.801e-03		12.571		6.719e-04		71.453
3		0.00		1.20		5.013e-03		-42.647		1.545e-03		19.539
3		0.00		0.80		9.142e-03		-47.264		2.368e-03		13.747
3		0.00		0.40		1.339e-02		-50.689		3.427e-03		11.580
3		0.00		0.00		1.730e-02		-49.130		4.478e-03		11.388
3		0.00		-0.40		2.169e-02		-51.955		5.841e-03		10.781
3		0.00		-0.80		2.566e-02		-51.118		6.851e-03		9.865
3		0.00		-1.20		2.998e-02		-51.175		7.297e-03		8.058
3		0.00		-1.60		3.406e-02		-51.694		7.745e-03		7.495
3		0.00		-2.00		3.937e-02		-53.008		8.233e-03		6.003
3		0.00		-2.40		4.399e-02		-53.579		8.655e-03		5.290
3		0.00		-2.80		4.756e-02		-53.125		9.639e-03		6.381
3		0.00		-3.20		5.097e-02		-52.959		1.005e-02		7.489
3		0.00		-3.60		5.323e-02		-53.942		1.189e-02		9.535
3		0.00		-4.00		5.672e-02		-55.463		1.420e-02		12.922
3		0.00		-4.40		5.820e-02		-52.253		1.480e-02		10.605
3		0.00		-4.80		5.992e-02		-48.698		1.712e-02		10.057
3		0.00		-5.20		6.117e-02		-48.211		1.669e-02		12.690
3		0.00		-5.60		5.973e-02		-45.444		1.623e-02		13.409
3		0.00		-6.00		6.165e-02		-46.768		1.864e-02		15.020
3		0.00		-6.40		6.195e-02		-43.772		1.814e-02		12.877
3		0.00		-6.80		6.521e-02		-45.227		1.855e-02		14.403
3		0.00		-7.20		6.693e-02		-44.575		1.916e-02		13.284
3		0.00		-7.60		6.652e-02		-43.421		1.968e-02		20.160
3		0.00		-8.00		6.665e-02		-44.530		1.843e-02		19.323
3		0.00		-8.40		6.417e-02		-49.877		1.946e-02		21.150
3		0.00		-8.80		6.433e-02		-42.951		1.939e-02		17.592
3		0.00		-9.20		6.165e-02		-43.852		1.897e-02		10.943
3		0.00		-9.60		5.544e-02		-44.205		1.649e-02		11.902
3		0.00		-10.00		4.866e-02		-44.358		1.407e-02		10.554
3		0.00		-9.60		5.544e-02		-45.087		1.609e-02		9.453
3		0.00		-9.20		5.866e-02		-43.883		1.810e-02		14.240
3		0.00		-8.80		5.890e-02		-43.641		1.756e-02		14.029
3		0.00		-8.40		6.107e-02		-45.403		1.709e-02		14.392
3		0.00		-8.00		6.212e-02		-46.327		1.715e-02		14.534
3		0.00		-7.60		5.890e-02		-46.532		1.522e-02		9.536
3		0.00		-7.20		5.858e-02		-47.029		1.542e-02		6.303
3		0.00		-6.80		5.775e-02		-48.942		1.518e-02		5.899
3		0.00		-6.40		5.480e-02		-49.273		1.372e-02		6.422
3		0.00		-6.00		5.077e-02		-48.641		1.192e-02		5.012
3		0.00		-5.60		4.769e-02		-49.167		1.067e-02		5.151
3		0.00		-5.20		4.376e-02		-49.958		8.892e-03		5.282
3		0.00		-4.80		4.045e-02		-50.757		8.041e-03		5.767
3		0.00		-4.40		3.548e-02		-51.479		6.941e-03		7.607
3		0.00		-4.00		3.220e-02		-52.333		6.274e-03		7.385
3		0.00		-3.60		2.770e-02		-50.759		5.253e-03		7.607
3		0.00		-3.20		2.416e-02		-48.776		4.262e-03		8.906
3		0.00		-2.80		1.992e-02		-48.829		3.668e-03		9.824
3		0.00		-2.40		1.608e-02		-47.118		3.264e-03		10.674
3		0.00		-2.00		1.141e-02		-43.488		2.422e-03		11.813
3		0.00		-1.60		7.637e-03		-40.384		1.779e-03		11.307
3		0.00		-1.20		3.858e-03		-31.939		1.611e-03		27.008
3		0.00		-0.80		2.180e-03		48.989		8.566e-04		65.557
3		0.00		-0.40		4.952e-03		106.373		1.549e-03		24.073
4		0.00		0.00		8.593e-03		126.344		2.428e-03		14.039
4		0.00		0.40		1.294e-02		127.155		3.367e-03		11.973
4		0.00		0.80		1.692e-02		128.401		4.068e-03		11.686
4		0.00		1.20		2.067e-02		129.526		4.998e-03		8.489
4		0.00		1.60		2.427e-02		128.271		5.823e-03		8.203
4		0.00		2.00		2.750e-02		128.838		6.488e-03		6.671
4		0.00		2.40		3.102e-02		129.184		7.685e-03		7.342
4		0.00		2.80		3.442e-02		129.391		8.040e-03		6.384
4		0.00		3.20		3.749e-02		129.675		8.095e-03		6.150
4		0.00		3.60		3.957e-02		129.656		9.005e-03		6.621
4		0.00		4.00		4.244e-02		130.661		9.470e-03		6.026
4		0.00		4.40		4.487e-02		129.861		9.830e-03		6.444
4		0.00		4.80		4.674e-02		130.892		9.974e-03		7.112
4		0.00		5.20		4.909e-02		130.934		1.097e-02		7.956
4		0.00		5.60		5.196e-02		130.462		1.112e-02		7.606
4		0.00		6.00		5.326e-02		132.352		1.208e-02		10.246
4		0.00		6.40		5.494e-02		130.512		1.320e-02		12.414
4		0.00		6.80		5.535e-02		130.311		1.499e-02		16.293
4		0.00		7.20		5.857e-02		129.499		1.676e-02		16.272
4		0.00		7.60		5.902e-02		128.967		1.763e-02		17.151
4		0.00		8.00		6.230e-02		130.092		1.841e-02		25.313
4		0.00		8.40		6.265e-02		129.096		1.889e-02		32.925
4		0.00		8.80		6.199e-02		129.183		1.903e-02		30.944
4		0.00		9.20		6.442e-02		120.598		2.120e-02		54.903
4		0.00		9.60		6.247e-02		126.775		2.095e-02		29.862
4		0.00		10.00		6.178e-02		129.639		2.176e-02		22.384
4		0.00		9.60		6.176e-02		127.154		2.104e-02		21.571
4		0.00		9.20		6.064e-02		128.596		1.917e-02		23.772
4		0.00		8.80		5.990e-02		127.398		1.919e-02		25.591
4		0.00		8.40		5.666e-02		129.185		1.749e-02		23.734
4		0.00		8.00		5.581e-02		127.600		1.724e-02		24.873
4		0.00		7.60		5.394e-02		128.403		1.632e-02		20.327
4		0.00		7.20		5.290e-02		128.738		1.590e-02		15.719
4		0.00		6.80		5.033e-02		129.647		1.480e-02		12.291
4		0.00		6.40		4.719e-02		130.300		1.286e-02		11.316
4		0.00		6.00		4.489e-02		129.490		1.154e-02		8.565
4		0.00		5.60		4.145e-02		131.002		1.050e-02		7.533
4		0.00		5.20		3.794e-02		131.224		9.705e-03		6.977
4		0.00		4.80		3.411e-02		130.737		8.563e-03		8.283
4		0.00		4.40		3.052e-02		130.964		7.201e-03		6.096
4		0.00		4.00		2.685e-02		131.993		6.249e-03		8.534
4		0.00		3.60		2.254e-02		132.339		4.806e-03		7.657
4		0.00		3.20		1.880e-02		131.082		4.137e-03		8.044
4		0.00		2.80		1.424e-02		129.609		3.301e-03		10.377
4		0.00		2.40		9.836e-03		128.216		2.352e-03		11.707
4		0.00		2.00		5.918e-03		123.246		1.609e-03		17.951
4		0.00		1.60		2.354e-03		93.605		8.305e-04		53.488
4		0.00		1.20		2.957e-03		-45.003		1.429e-03		32.208
4		0.00		0.80		7.223e-03		-48.019		1.913e-03		14.291
4		0.00		0.40		1.167e-02		-51.287		2.794e-03		9.358
4		0.00		0.00		1.592e-02		-47.752		3.776e-03		10.657
4		0.00		-0.40		1.986e-02		-48.504		4.262e-03		7.936
4		0.00		-0.80		2.401e-02		-51.205		5.366e-03		8.902
4		0.00		-1.20		2.836e-02		-51.172		6.089e-03		7.576
4		0.00		-1.60		3.303e-02		-52.525		6.433e-03		7.622
4		0.00		-2.00		3.634e-02		-51.560		7.354e-03		8.318
4		0.00		-2.40		3.987e-02		-52.101		8.240e-03		8.267
4		0.00		-2.80		4.462e-02		-52.221		9.588e-03		9.131
4		0.00		-3.20		4.785e-02		-51.525		1.051e-02		7.970
4		0.00		-3.60		5.031e-02		-53.515		1.235e-02		13.754
4		0.00		-4.00		5.322e-02		-53.550		1.379e-02		14.400
4		0.00		-4.40		5.575e-02		-52.913		1.517e-02		13.583
4		0.00		-4.80		5.883e-02		-49.798		1.652e-02		13.233
4		0.00		-5.20		6.113e-02		-50.066		1.847e-02		17.120
4		0.00		-5.60		6.028e-02		-44.027		1.855e-02		20.484
4		0.00		-6.00		6.097e-02		-46.477		1.832e-02		17.838
4		0.00		-6.40		6.026e-02		-47.383		1.750e-02		17.442
4		0.00		-6.80		6.179e-02		-46.896		1.831e-02		18.506
4		0.00		-7.20		6.264e-02		-43.667		1.815e-02		16.936
4		0.00		-7.60		6.361e-02		-45.336		1.791e-02		19.052
4		0.00		-8.00		6.454e-02		-44.269		1.919e-02		18.033
4		0.00		-8.40		6.630e-02		-45.537		1.790e-02		16.370
4		0.00		-8.80		6.613e-02		-42.039		1.808e-02		14.106
4		0.00		-9.20		6.177e-02		-42.419		1.596e-02		11.361
4		0.00		-9.60		5.745e-02		-44.310		1.557e-02		7.065
4		0.00		-10.00		5.054e-02		-43.368		1.282e-02		7.281
4		0.00		-9.60		5.567e-02		-44.634		1.480e-02		8.840
4		0.00		-9.20		5.778e-02		-43.088		1.501e-02		9.802
4		0.00		-8.80		6.009e-02		-44.007		1.488e-02		11.375
4		0.00		-8.40		6.096e-02		-44.641		1.396e-02		10.584
4		0.00		-8.00		6.150e-02		-46.572		1.625e-02		11.655
4		0.00		-7.60		6.048e-02		-49.723		1.635e-02		14.371
4		0.00		-7.20		5.755e-02		-48.932		1.539e-02		11.767
4		0.00		-6.80		5.541e-02		-48.865		1.557e-02		10.859
4		0.00		-6.40		5.227e-02		-49.570		1.491e-02		10.144
4		0.00		-6.00		4.860e-02		-50.133		1.402e-02		12.026
4		0.00		-5.60		4.494e-02		-50.713		1.307e-02		14.528
4		0.00		-5.20		4.171e-02		-51.776		1.191e-02		15.274
4		0.00		-4.80		3.802e-02		-51.904		1.114e-02		15.733
4		0.00		-4.40		3.401e-02		-51.682		9.546e-03		12.610
4		0.00		-4.00		3.047e-02		-51.809		8.509e-03		10.922
4		0.00		-3.60		2.636e-02		-49.981		7.064e-03		8.390
4		0.00		-3.20		2.300e-02		-47.454		6.021e-03		7.857
4		0.00		-2.80		1.985e-02		-47.603		4.726e-03		9.719
4		0.00		-2.40		1.599e-02		-48.080		3.448e-03		9.179
4		0.00		-2.00		1.197e-02		-45.827		2.300e-03		8.903
4		0.00		-1.60		7.810e-03		-41.774		1.692e-03		14.305
4		0.00		-1.20		4.078e-03		-37.232		1.225e-03		20.842
4		0.00		-0.80		1.711e-03		22.376		6.405e-04		64.493
4		0.00		-0.40		4.829e-03		117.659		1.237e-03		22.577
5		0.00		0.00		8.862e-03		121.058		2.241e-03		12.418
5		0.00		0.40		1.274e-02		128.584		2.582e-03		11.037
5		0.00		0.80		1.669e-02		128.417		3.369e-03		8.810
5		0.00		1.20		2.018e-02		129.424		3.908e-03		8.061
5		0.00		1.60		2.360e-02		129.951		4.932e-03		8.237
5		0.00		2.00		2.721e-02		130.495		6.034e-03		9.726
5		0.00		2.40		3.028e-02		130.613		7.187e-03		8.995
5		0.00		2.80		3.283e-02		130.308		8.250e-03		10.172
5		0.00		3.20		3.574e-02		128.185		9.585e-03		11.680
5		0.00		3.60		3.838e-02		129.816		1.052e-02		12.488
5		0.00		4.00		4.102e-02		130.496		1.141e-02		11.794
5		0.00		4.40		4.354e-02		128.991		1.243e-02		14.175
5		0.00		4.80		4.654e-02		129.479		1.291e-02		14.059
5		0.00		5.20		4.913e-02		130.592		1.325e-02		9.034
5		0.00		5.60		5.229e-02		130.674		1.391e-02		7.145
5		0.00		6.00		5.481e-02		131.600		1.342e-02		5.463
5		0.00		6.40		5.656e-02		131.577		1.385e-02		6.675
5		0.00		6.80		5.689e-02		133.567		1.331e-02		8.615
5		0.00		7.20		6.023e-02		132.670		1.444e-02		7.771
5		0.00		7.60		6.068e-02		132.754		1.441e-02		9.119
5		0.00		8.00		6.000e-02		131.827		1.415e-02		16.634
5		0.00		8.40		6.150e-02		129.593		1.634e-02		17.750
5		0.00		8.80		6.342e-02		127.709		1.869e-02		20.148
5		0.00		9.20		6.184e-02		130.990		1.978e-02		19.249
5		0.00		9.60		6.216e-02		126.422		2.151e-02		19.108
5		0.00		10.00		5.940e-02		128.836		2.140e-02		24.317
5		0.00		9.60		6.026e-02		120.760		2.341e-02		28.768
5		0.00		9.20		6.031e-02		125.861		2.084e-02		24.555
5		0.00		8.80		5.911e-02		126.143		1.939e-02		21.638
5		0.00		8.40		5.802e-02		126.952		1.881e-02		21.604
5		0.00		8.00		5.612e-02		128.120		1.808e-02		22.922
5		0.00		7.60		5.306e-02		131.317		1.568e-02		7.743
5		0.00		7.20		5.236e-02		130.814		1.387e-02		7.288
5		0.00		6.80		5.070e-02		130.157		1.174e-02		6.376
5		0.00		6.40		4.756e-02		131.655		1.048e-02		6.932
5		0.00		6.00		4.427e-02		130.852		8.877e-03		6.168
5		0.00		5.60		4.095e-02		131.518		8.121e-03		6.021
5		0.00		5.20		3.746e-02		131.213		7.478e-03		7.167
5		0.00		4.80		3.450e-02		130.735		6.836e-03		7.261
5		0.00		4.40		3.065e-02		131.818		5.923e-03		8.276
5		0.00		4.00		2.663e-02		131.331		5.447e-03		9.878
5		0.00		3.60		2.288e-02		131.619		4.848e-03		10.164
5		0.00		3.20		1.876e-02		131.545		4.154e-03		11.781
5		0.00		2.80		1.413e-02		129.425		3.600e-03		15.133
5		0.00		2.40		1.035e-02		126.421		2.815e-03		18.202
5		0.00		2.00		5.880e-03		122.368		1.696e-03		23.126
5		0.00		1.60		2.498e-03		79.828		1.009e-03		65.872
5		0.00		1.20		2.721e-03		-49.165		1.273e-03		39.996
5		0.00		0.80		6.757e-03		-51.483		2.146e-03		14.605
5		0.00		0.40		1.148e-02		-51.374		3.027e-03		13.300
5		0.00		0.00		1.530e-02		-48.063		3.496e-03		9.157
5		0.00		-0.40		2.016e-02		-49.174		4.407e-03		9.288
5		0.00		-0.80		2.469e-02		-50.078		4.424e-03		5.709
5		0.00		-1.20		2.855e-02		-50.674		5.249e-03		6.654
5		0.00		-1.60		3.262e-02		-52.585		6.440e-03		6.104
5		0.00		-2.00		3.701e-02		-51.755		6.961e-03		7.167
5		0.00		-2.40		4.052e-02		-51.847		8.297e-03		7.485
5		0.00		-2.80		4.401e-02		-51.569		9.398e-03		7.642
5		0.00		-3.20		4.727e-02		-51.345		1.141e-02		8.795
5		0.00		-3.60		4.980e-02		-52.896		1.282e-02		12.332
5		0.00		-4.00		5.373e-02		-52.749		1.426e-02		12.892
5		0.00		-4.40		5.619e-02		-51.361		1.541e-02		12.620
5		0.00		-4.80		5.767e-02		-51.521		1.647e-02		12.546
5		0.00		-5.20		5.868e-02		-48.857		1.867e-02		9.995
5		0.00		-5.60		6.152e-02		-48.600		1.799e-02		8.357
5		0.00		-6.00		6.200e-02		-47.010		1.767e-02		12.504
5		0.00		-6.40		6.281e-02		-43.797		1.574e-02		11.208
5		0.00		-6.80		6.642e-02		-45.430		1.777e-02		12.034
5		0.00		-7.20		6.809e-02		-46.344		1.839e-02		17.464
5		0.00		-7.60		6.739e-02		-48.417		1.916e-02		21.225
5		0.00		-8.00		6.675e-02		-45.616		1.844e-02		19.852
5		0.00		-8.40		6.637e-02		-43.795		1.986e-02		17.080
5		0.00		-8.80		6.437e-02		-43.788		1.951e-02		17.703
5		0.00		-9.20		6.356e-02		-45.322		1.987e-02		14.182
5		0.00		-9.60		5.737e-02		-44.559		1.777e-02		10.581
5		0.00		-10.00		5.027e-02		-45.668		1.537e-02		13.677
5		0.00		-9.60		5.527e-02		-43.837		1.752e-02		15.996
5		0.00		-9.20		5.975e-02		-44.488		1.790e-02		16.636
5		0.00		-8.80		5.983e-02		-43.602		1.666e-02		23.390
5		0.00		-8.40		6.067e-02		-44.392		1.659e-02		18.654
5		0.00		-8.00		6.137e-02		-46.543		1.697e-02		8.004
5		0.00		-7.60		6.086e-02		-47.394		1.558e-02		7.358
5		0.00		-7.20		5.889e-02		-47.684		1.313e-02		6.473
5		0.00		-6.80		5.614e-02		-48.024		1.258e-02		8.263
5		0.00		-6.40		5.295e-02		-46.761		1.128e-02		7.581
5		0.00		-6.00		5.064e-02		-47.708		1.017e-02		5.490
5		0.00		-5.60		4.722e-02		-48.921		9.424e-03		5.745
5		0.00		-5.20		4.342e-02		-49.334		8.767e-03		7.135
5		0.00		-4.80		3.950e-02		-49.483		8.465e-03		6.858
5		0.00		-4.40		3.557e-02		-51.013		8.098e-03		8.699
5		0.00		-4.00		3.091e-02		-51.745		7.413e-03		9.170
5		0.00		-3.60		2.738e-02		-49.669		6.761e-03		9.945
5		0.00		-3.20		2.387e-02		-49.085		5.881e-03		12.226
5		0.00		-2.80		1.998e-02		-48.889		4.720e-03		11.036
5		0.00		-2.40		1.625e-02		-49.828		3.961e-03		11.324
5		0.00		-2.00		1.222e-02		-45.260		2.924e-03		13.132
5		0.00		-1.60		8.353e-03		-42.207		2.133e-03		15.667
5		0.00		-1.20		4.405e-03		-30.837		1.262e-03		22.874
5		0.00		-0.80		1.877e-03		23.062		7.914e-04		74.032
5		0.00		-0.40		4.331e-03		113.293		1.394e-03		29.431
6		0.00		0.00		8.267e-03		124.052		1.750e-03		10.635
6		0.00		0.40		1.230e-02		126.289		2.234e-03		9.260
6		0.00		0.80		1.610e-02		124.980		3.140e-03		8.862
6		0.00		1.20		1.976e-02		128.869		4.148e-03		8.192
6		0.00		1.60		2.276e-02		128.398		5.255e-03		7.973
6		0.00		2.00		2.611e-02		128.398		6.412e-03		9.055
6		0.00		2.40		2.926e-02		128.794		7.399e-03		11.147
6		0.00		2.80		3.211e-02		128.898		8.928e-03		13.522
6		0.00		3.20		3.524e-02		128.291		9.944e-03		16.003
6		0.00		3.60		3.771e-02		128.415		1.096e-02		18.130
6		0.00		4.00		4.044e-02		129.362		1.165e-02		14.728
6		0.00		4.40		4.344e-02		129.636		1.299e-02		12.453
6		0.00		4.80		4.618e-02		130.125		1.213e-02		8.138
6		0.00		5.20		4.948e-02		130.647		1.122e-02		6.443
6		0.00		5.60		5.271e-02		131.947		1.169e-02		6.460
6		0.00		6.00		5.464e-02		131.902		1.081e-02		5.456
6		0.00		6.40		5.647e-02		132.032		1.168e-02		7.806
6		0.00		6.80		5.731e-02		132.020		1.246e-02		8.830
6		0.00		7.20		5.811e-02		130.476		1.413e-02		12.848
6		0.00		7.60		6.101e-02		131.336		1.557e-02		11.436
6		0.00		8.00		6.028e-02		130.333		1.640e-02		20.447
6		0.00		8.40		6.225e-02		136.310		1.688e-02		10.994
6		0.00		8.80		6.246e-02		130.300		1.982e-02		17.118
6		0.00		9.20		6.396e-02		126.694		2.155e-02		26.895
6		0.00		9.60		6.083e-02		123.983		2.077e-02		27.293
6		0.00		10.00		5.980e-02		126.046		2.117e-02		24.763
6		0.00		9.60		6.034e-02		125.898		2.023e-02		41.432
6		0.00		9.20		6.051e-02		127.383		1.829e-02		30.001
6		0.00		8.80		6.023e-02		132.652		1.701e-02		11.374
6		0.00		8.40		5.999e-02		133.467		1.669e-02		8.606
6		0.00		8.00		5.777e-02		131.491		1.462e-02		8.088
6		0.00		7.60		5.541e-02		132.581		1.300e-02		7.862
6		0.00		7.20		5.396e-02		131.645		1.159e-02		8.264
6		0.00		6.80		5.150e-02		132.239		1.059e-02		6.150
6		0.00		6.40		4.826e-02		133.827		9.891e-03		6.913
6		0.00		6.00		4.488e-02		130.882		9.234e-03		6.893
6		0.00		5.60		4.201e-02		131.182		8.804e-03		6.727
6		0.00		5.20		3.837e-02		131.878		7.958e-03		6.958
6		0.00		4.80		3.475e-02		131.506		6.988e-03		6.952
6		0.00		4.40		3.105e-02		131.919		6.629e-03		8.295
6		0.00		4.00		2.726e-02		131.236		5.995e-03		10.372
6		0.00		3.60		2.338e-02		132.361		4.828e-03		9.810
6		0.00		3.20		1.911e-02		131.016		4.439e-03		12.928
6		0.00		2.80		1.513e-02		127.943		3.777e-03		14.394
6		0.00		2.40		1.071e-02		129.588		2.715e-03		17.734
6		0.00		2.00		6.571e-03		125.185		1.796e-03		21.815
6		0.00		1.60		2.322e-03		86.569		9.259e-04		58.778
6		0.00		1.20		2.554e-03		-15.426		9.849e-04		39.525
6		0.00		0.80		6.277e-03		-43.428		1.939e-03		16.735
6		0.00		0.40		1.016e-02		-46.892		2.898e-03		12.836
6		0.00		0.00		1.440e-02		-48.120		3.869e-03		11.198
6		0.00		-0.40		1.827e-02		-49.113		4.966e-03		11.265
6		0.00		-0.80		2.274e-02		-49.916		5.597e-03		8.725
6		0.00		-1.20		2.708e-02		-51.127		6.024e-03		8.063
6		0.00		-1.60		3.140e-02		-51.533		7.194e-03		7.485
6		0.00		-2.00		3.478e-02		-51.668		7.807e-03		6.902
6		0.00		-2.40		3.930e-02		-52.889		8.843e-03		7.010
6		0.00		-2.80		4.286e-02		-52.083		9.557e-03		6.058
6		0.00		-3.20		4.669e-02		-52.663		9.917e-03		5.356
6		0.00		-3.60		5.047e-02		-52.834		1.069e-02		5.158
6		0.00		-4.00		5.414e-02		-53.435		1.163e-02		4.827
6		0.00		-4.40		5.617e-02		-52.302		1.263e-02		9.035
6		0.00		-4.80		5.978e-02		-50.687		1.373e-02		8.142
6		0.00		-5.20		6.101e-02		-51.135		1.365e-02		8.853
6		0.00		-5.60		6.281e-02		-50.110		1.404e-02		8.218
6		0.00		-6.00		6.360e-02		-48.144		1.529e-02		11.919
6		0.00		-6.40		6.589e-02		-47.770		1.773e-02		14.866
6		0.00		-6.80		6.678e-02		-46.061		1.763e-02		14.903
6		0.00		-7.20		6.629e-02		-48.093		1.872e-02		16.327
6		0.00		-7.60		6.871e-02		-42.937		1.914e-02		15.046
6		0.00		-8.00		6.918e-02		-47.472		2.190e-02		20.074
6		0.00		-8.40		6.970e-02		-44.767		1.988e-02		10.743
6		0.00		-8.80		6.474e-02		-39.877		1.993e-02		14.769
6		0.00		-9.20		6.204e-02		-42.995		1.927e-02		12.780
6		0.00		-9.60		5.786e-02		-47.678		1.848e-02		15.492
6		0.00		-10.00		4.976e-02		-43.877		1.626e-02		18.150
6		0.00		-9.60		5.395e-02		-45.307		1.722e-02		17.029
6		0.00		-9.20		5.778e-02		-42.893		1.789e-02		14.040
6		0.00		-8.80		5.834e-02		-45.328		1.725e-02		14.298
6		0.00		-8.40		6.103e-02		-46.921		1.820e-02		15.666
6		0.00		-8.00		6.128e-02		-48.183		1.746e-02		13.163
6		0.00		-7.60		6.011e-02		-49.663		1.768e-02		8.701
6		0.00		-7.20		5.640e-02		-48.218		1.584e-02		7.431
6		0.00		-6.80		5.465e-02		-48.757		1.428e-02		6.420
6		0.00		-6.40		5.159e-02		-48.769		1.293e-02		7.884
6		0.00		-6.00		4.862e-02		-48.896		1.078e-02		6.408
6		0.00		-5.60		4.521e-02		-48.864		9.812e-03		6.644
6		0.00		-5.20		4.182e-02		-49.582		8.901e-03		6.349
6		0.00		-4.80		3.781e-02		-50.958		8.152e-03		7.746
6		0.00		-4.40		3.439e-02		-51.289		7.370e-03		7.420
6		0.00		-4.00		3.007e-02		-51.222		6.850e-03		8.755
6		0.00		-3.60		2.658e-02		-50.795		6.024e-03		9.912
6		0.00		-3.20		2.307e-02		-50.578		5.142e-03		10.248
6		0.00		-2.80		1.912e-02		-50.113		4.467e-03		11.375
6		0.00		-2.40		1.546e-02		-46.986		3.674e-03		14.539
6		0.00		-2.00		1.202e-02		-44.652		2.890e-03		12.747
6		0.00		-1.60		7.964e-03		-44.868		2.119e-03		18.532
6		0.00		-1.20		4.209e-03		-43.275		1.287e-03		24.888
6		0.00		-0.80		1.924e-03		24.375		8.033e-04		63.769
6		0.00		-0.40		4.127e-03		108.995		1.617e-03		30.670
7		0.00		0.00		8.458e-03		125.105		2.068e-03		9.767
7		0.00		0.40		1.209e-02		128.146		2.352e-03		8.828
7		0.00		0.80		1.565e-02		126.851		3.344e-03		9.449
7		0.00		1.20		1.964e-02		128.587		3.814e-03		7.006
7		0.00		1.60		2.292e-02		129.763		4.487e-03		7.231
7		0.00		2.00		2.640e-02		128.274		5.139e-03		7.325
7		0.00		2.40		2.960e-02		128.476		6.499e-03		8.590
7		0.00		2.80		3.272e-02		130.711		7.242e-03		8.402
7		0.00		3.20		3.543e-02		131.996		8.847e-03		10.140
7		0.00		3.60		3.829e-02		129.444		9.884e-03		12.292
7		0.00		4.00		4.021e-02		128.451		1.111e-02		17.700
7		0.00		4.40		4.326e-02		128.645		1.197e-02		18.136
7		0.00		4.80		4.581e-02		130.685		1.231e-02		16.233
7		0.00		5.20		4.895e-02		129.665		1.373e-02		14.466
7		0.00		5.60		5.153e-02		130.371		1.382e-02		10.903
7		0.00		6.00		5.465e-02		131.097		1.408e-02		7.571
7		0.00		6.40		5.603e-02		132.107		1.321e-02		6.583
7		0.00		6.80		5.761e-02		133.157		1.298e-02		7.597
7		0.00		7.20		6.004e-02		132.390		1.356e-02		8.475
7		0.00		7.60		6.120e-02		133.622		1.445e-02		11.525
7		0.00		8.00		6.080e-02		131.564		1.522e-02		13.633
7		0.00		8.40		6.155e-02		131.037		1.708e-02		16.130
7		0.00		8.80		6.232e-02		129.981		1.861e-02		33.530
7		0.00		9.20		6.433e-02		127.860		2.128e-02		24.640
7		0.00		9.60		6.334e-02		129.225		2.216e-02		12.618
7		0.00		10.00		5.916e-02		130.756		2.088e-02		27.231
7		0.00		9.60		6.035e-02		125.037		2.169e-02		25.952
7		0.00		9.20		6.000e-02		127.155		2.077e-02		24.692
7		0.00		8.80		5.841e-02		127.662		1.820e-02		23.977
7		0.00		8.40		5.693e-02		128.770		1.744e-02		22.188
7		0.00		8.00		5.583e-02		128.591		1.730e-02		15.195
7		0.00		7.60		5.533e-02		130.783		1.518e-02		7.809
7		0.00		7.20		5.322e-02		130.868		1.305e-02		6.500
7		0.00		6.80		5.080e-02		130.626		1.163e-02		7.043
7		0.00		6.40		4.850e-02		131.197		1.046e-02		7.412
7		0.00		6.00		4.552e-02		131.793		9.424e-03		5.745
7		0.00		5.60		4.173e-02		131.506		8.143e-03		5.961
7		0.00		5.20		3.784e-02		131.470		7.404e-03		6.726
7		0.00		4.80		3.429e-02		132.481		7.067e-03		7.747
7		0.00		4.40		3.123e-02		131.349		6.128e-03		8.192
7		0.00		4.00		2.692e-02		132.350		5.729e-03		7.874
7		0.00		3.60		2.322e-02		131.122		5.438e-03		10.650
7		0.00		3.20		1.914e-02		131.382		4.409e-03		15.479
7		0.00		2.80		1.509e-02		128.666		3.957e-03		17.420
7		0.00		2.40		1.137e-02		127.062		3.092e-03		19.562
7		0.00		2.00		7.543e-03		124.289		2.278e-03		26.773
7		0.00		1.60		3.479e-03		115.345		1.322e-03		27.956
7		0.00		1.20		1.969e-03		-43.958		8.973e-04		53.555
7		0.00		0.80		5.482e-03		-44.307		1.759e-03		17.124
7		0.00		0.40		9.838e-03		-45.393		2.316e-03		11.781
7		0.00		0.00		1.429e-02		-48.834		2.807e-03		9.121
7		0.00		-0.40		1.844e-02		-48.645		3.619e-03		8.602
7		0.00		-0.80		2.284e-02		-50.861		4.203e-03		7.585
7		0.00		-1.20		2.729e-02		-50.928		4.676e-03		6.580
7		0.00		-1.60		3.083e-02		-48.807		5.787e-03		7.135
7		0.00		-2.00		3.468e-02		-51.518		7.175e-03		8.185
7		0.00		-2.40		3.806e-02		-50.798		8.457e-03		11.153
7		0.00		-2.80		4.190e-02		-51.675		1.015e-02		10.860
7		0.00		-3.20		4.496e-02		-52.588		1.140e-02		13.648
7		0.00		-3.60		4.866e-02		-52.985		1.234e-02		11.793
7		0.00		-4.00		5.225e-02		-52.695		1.356e-02		7.294
7		0.00		-4.40		5.530e-02		-52.682		1.479e-02		7.240
7		0.00		-4.80		5.801e-02		-52.227		1.425e-02		8.105
7		0.00		-5.20		5.843e-02		-50.556		1.485e-02		12.634
7		0.00		-5.60		6.120e-02		-50.513		1.438e-02		11.206
7		0.00		-6.00		6.234e-02		-50.778		1.721e-02		15.848
7		0.00		-6.40		6.571e-02		-51.815		1.901e-02		14.846
7		0.00		-6.80		6.496e-02		-50.761		1.970e-02		17.533
7		0.00		-7.20		6.588e-02		-41.046		2.127e-02		15.821
7		0.00		-7.60		6.448e-02		-47.838		2.017e-02		17.834
7		0.00		-8.00		6.303e-02		-42.609		2.042e-02		15.252
7		0.00		-8.40		6.252e-02		-46.610		1.766e-02		17.555
7		0.00		-8.80		6.102e-02		-47.053		1.653e-02		20.722
7		0.00		-9.20		5.931e-02		-38.113		1.727e-02		25.800
7		0.00		-9.60		5.829e-02		-41.412		1.691e-02		19.367
7		0.00		-10.00		5.097e-02		-44.491		1.411e-02		6.821
7		0.00		-9.60		5.666e-02		-44.549		1.471e-02		6.638
7		0.00		-9.20		6.135e-02		-42.536		1.555e-02		7.257
7		0.00		-8.80		6.289e-02		-45.558		1.482e-02		8.839
7		0.00		-8.40		6.299e-02		-45.358		1.443e-02		11.418
7		0.00		-8.00		6.218e-02		-48.029		1.548e-02		15.150
7		0.00		-7.60		6.077e-02		-48.041		1.530e-02		11.625
7		0.00		-7.20		5.949e-02		-49.043		1.612e-02		11.972
7		0.00		-6.80		5.501e-02		-49.224		1.522e-02		13.142
7		0.00		-6.40		5.315e-02		-48.558		1.469e-02		9.545
7		0.00		-6.00		4.935e-02		-49.564		1.385e-02		12.390
7		0.00		-5.60		4.638e-02		-50.468		1.338e-02		14.687
7		0.00		-5.20		4.298e-02		-50.621		1.209e-02		13.394
7		0.00		-4.80		3.910e-02		-50.107		1.073e-02		8.606
7		0.00		-4.40		3.564e-02		-51.628		9.062e-03		7.407
7		0.00		-4.00		3.186e-02		-50.758		7.579e-03		7.446
7		0.00		-3.60		2.830e-02		-50.884		5.806e-03		6.848
7		0.00		-3.20		2.517e-02		-47.475		4.556e-03		7.120
7		0.00		-2.80		2.094e-02		-48.910		3.665e-03		7.918
7		0.00		-2.40		1.682e-02		-47.426		2.922e-03		8.295
7		0.00		-2.00		1.304e-02		-44.796		2.299e-03		8.693
7		0.00		-1.60		8.971e-03		-41.059		1.772e-03		12.006
7		0.00		-1.20		4.954e-03		-35.862		1.376e-03		21.895
7		0.00		-0.80		1.812e-03		3.247		7.293e-04		60.575
7		0.00		-0.40		3.792e-03		108.386		1.267e-03		28.505
8		0.00		0.00		7.346e-03		122.382		2.162e-03		16.656
8		0.00		0.40		1.160e-02		126.058		2.884e-03		18.120
8		0.00		0.80		1.484e-02		123.463		4.238e-03		18.933
8		0.00		1.20		1.837e-02		127.651		5.127e-03		12.863
8		0.00		1.60		2.216e-02		126.584		6.050e-03		9.465
8		0.00		2.00		2.560e-02		128.825		6.565e-03		6.821
8		0.00		2.40		2.904e-02		130.569		7.190e-03		7.439
8		0.00		2.80		3.275e-02		130.282		7.334e-03		5.649
8		0.00		3.20		3.567e-02		130.340		7.560e-03		6.251
8		0.00		3.60		3.763e-02		131.064		7.603e-03		6.346
8		0.00		4.00		3.977e-02		131.195		8.658e-03		5.940
8		0.00		4.40		4.172e-02		131.180		9.710e-03		7.985
8		0.00		4.80		4.491e-02		131.412		1.013e-02		7.614
8		0.00		5.20		4.774e-02		130.433		1.175e-02		8.856
8		0.00		5.60		5.026e-02		129.571		1.294e-02		12.325
8		0.00		6.00		5.254e-02		129.602		1.420e-02		15.613
8		0.00		6.40		5.457e-02		127.319		1.544e-02		20.540
8		0.00		6.80		5.602e-02		129.929		1.538e-02		15.918
8		0.00		7.20		5.764e-02		128.391		1.604e-02		23.606
8		0.00		7.60		6.039e-02		132.279		1.620e-02		8.333
8		0.00		8.00		6.165e-02		133.997		1.539e-02		8.441
8		0.00		8.40		6.395e-02		133.739		1.634e-02		7.742
8		0.00		8.80		6.436e-02		131.078		1.727e-02		17.148
8		0.00		9.20		6.688e-02		129.181		1.855e-02		11.066
8		0.00		9.60		6.531e-02		130.221		1.868e-02		13.290
8		0.00		10.00		6.142e-02		130.141		1.906e-02		17.281
8		0.00		9.60		6.220e-02		127.816		2.010e-02		15.004
8		0.00		9.20		5.867e-02		125.751		1.940e-02		36.337
8		0.00		8.80		5.879e-02		131.670		1.866e-02		15.980
8		0.00		8.40		5.955e-02		126.866		1.936e-02		25.203
8		0.00		8.00		5.584e-02		127.944		1.829e-02		18.811
8		0.00		7.60		5.421e-02		128.791		1.622e-02		17.914
8		0.00		7.20		5.263e-02		129.600		1.485e-02		16.719
8		0.00		6.80		5.062e-02		130.763		1.340e-02		10.750
8		0.00		6.40		4.841e-02		130.651		1.211e-02		5.944
8		0.00		6.00		4.505e-02		130.986		1.039e-02		6.914
8		0.00		5.60		4.144e-02		131.364		8.674e-03		6.423
8		0.00		5.20		3.810e-02		131.704		7.459e-03		6.555
8		0.00		4.80		3.455e-02		132.064		6.912e-03		7.414
8		0.00		4.40		3.029e-02		130.771		6.193e-03		8.021
8		0.00		4.00		2.684e-02		132.092		5.707e-03		8.966
8		0.00		3.60		2.295e-02		129.867		5.152e-03		8.947
8		0.00		3.20		1.863e-02		130.118		4.763e-03		14.229
8		0.00		2.80		1.447e-02		128.516		3.798e-03		17.752
8		0.00		2.40		1.055e-02		127.661		2.928e-03		18.464
8		0.00		2.00		6.818e-03		119.412		2.058e-03		24.639
8		0.00		1.60		3.163e-03		110.007		1.268e-03		34.682
8		0.00		1.20		1.857e-03		-41.306		8.016e-04		50.313
8		0.00		0.80		5.590e-03		-46.057		1.852e-03		20.479
8		0.00		0.40		9.901e-03		-42.345		2.771e-03		10.287
8		0.00		0.00		1.343e-02		-48.658		3.459e-03		10.146
8		0.00		-0.40		1.817e-02		-48.379		3.995e-03		8.113
8		0.00		-0.80		2.290e-02		-52.537		4.386e-03		7.995
8		0.00		-1.20		2.686e-02		-51.110		4.903e-03		7.783
8		0.00		-1.60		3.041e-02		-52.176		5.233e-03		6.156
8		0.00		-2.00		3.529e-02		-51.699		6.506e-03		6.616
8		0.00		-2.40		3.796e-02		-52.148		7.156e-03		6.989
8		0.00		-2.80		4.169e-02		-52.048		8.435e-03		7.588
8		0.00		-3.20		4.528e-02		-52.032		9.524e-03		8.226
8		0.00		-3.60		4.826e-02		-51.929		1.103e-02		10.020
8		0.00		-4.00		5.112e-02		-52.878		1.263e-02		9.795
8		0.00		-4.40		5.463e-02		-53.174		1.477e-02		13.268
8		0.00		-4.80		5.644e-02		-51.548		1.647e-02		12.641
8		0.00		-5.20		5.877e-02		-51.078		1.784e-02		11.625
8		0.00		-5.60		5.885e-02		-45.242		1.766e-02		22.537
8		0.00		-6.00		5.945e-02		-44.936		1.793e-02		20.674
8		0.00		-6.40		5.965e-02		-44.459		1.811e-02		22.666
8		0.00		-6.80		6.160e-02		-46.734		1.854e-02		15.793
8		0.00		-7.20		6.197e-02		-42.903		1.758e-02		14.284
8		0.00		-7.60		6.355e-02		-42.642		1.882e-02		17.582
8		0.00		-8.00		6.326e-02		-42.312		1.720e-02		15.990
8		0.00		-8.40		6.555e-02		-43.146		1.723e-02		14.562
8		0.00		-8.80		6.289e-02		-38.796		1.508e-02		11.887
8		0.00		-9.20		6.269e-02		-41.557		1.663e-02		11.967
8		0.00		-9.60		5.886e-02		-43.261		1.557e-02		6.652
8		0.00		-10.00		5.070e-02		-43.712		1.352e-02		7.108
8		0.00		-9.60		5.643e-02		-45.017		1.561e-02		7.574
8		0.00		-9.20		6.013e-02		-43.636		1.566e-02		8.511
8		0.00		-8.80		6.234e-02		-45.729		1.540e-02		8.863
8		0.00		-8.40		6.145e-02		-45.930		1.427e-02		9.813
8		0.00		-8.00		6.101e-02		-48.661		1.557e-02		12.840
8		0.00		-7.60		5.935e-02		-48.608		1.504e-02		12.314
8		0.00		-7.20		5.700e-02		-48.137		1.388e-02		8.709
8		0.00		-6.80		5.440e-02		-48.312		1.353e-02		8.862
8		0.00		-6.40		5.039e-02		-48.926		1.246e-02		8.432
8		0.00		-6.00		4.774e-02		-48.577		1.227e-02		6.109
8		0.00		-5.60		4.460e-02		-49.393		1.143e-02		8.453
8		0.00		-5.20		4.036e-02		-49.663		1.060e-02		6.970
8		0.00		-4.80		3.700e-02		-49.753		9.474e-03		8.508
8		0.00		-4.40		3.324e-02		-51.076		8.475e-03		8.791
8		0.00		-4.00		2.999e-02		-51.269		7.114e-03		8.813
8		0.00		-3.60		2.610e-02		-51.421		6.020e-03		10.731
8		0.00		-3.20		2.294e-02		-47.981		5.012e-03		9.406
8		0.00		-2.80		1.906e-02		-49.719		4.457e-03		10.702
8		0.00		-2.40		1.535e-02		-45.313		3.384e-03		12.394
8		0.00		-2.00		1.143e-02		-45.297		2.705e-03		9.543
8		0.00		-1.60		7.931e-03		-42.692		1.743e-03		11.739
8		0.00		-1.20		4.547e-03		-28.765		1.477e-03		24.182
8		0.00		-0.80		1.948e-03		17.469		7.565e-04		65.904
8		0.00		-0.40		4.155e-03		107.682		1.301e-03		30.423
