# Date of analysis: 2023-11-20 16;19
# 
# Loop index	Read Volt (V)	Write Volt (V)	Amplitude (a.u)	Phase (deg)	Sigma Amp (a.u)	Sigma Pha (deg)	
1		0.00		0.00		2.929e-02		-56.141		7.637e-03		20.307
1		0.00		0.40		2.677e-02		-50.438		4.857e-03		7.934
1		0.00		0.80		1.984e-02		-48.373		3.462e-03		10.535
1		0.00		1.20		1.343e-02		-51.438		2.556e-03		11.928
1		0.00		1.60		6.865e-03		-47.303		1.957e-03		19.130
1		0.00		2.00		1.756e-03		5.846		8.037e-04		63.189
1		0.00		2.40		6.087e-03		118.644		1.744e-03		18.356
1		0.00		2.80		1.223e-02		125.704		2.899e-03		11.007
1		0.00		3.20		1.766e-02		127.396		3.805e-03		11.168
1		0.00		3.60		2.290e-02		128.700		4.883e-03		7.910
1		0.00		4.00		2.760e-02		129.382		6.482e-03		8.559
1		0.00		4.40		3.250e-02		128.409		7.545e-03		8.244
1		0.00		4.80		3.730e-02		129.613		8.376e-03		6.599
1		0.00		5.20		4.170e-02		129.902		9.992e-03		6.937
1		0.00		5.60		4.430e-02		130.183		1.010e-02		7.454
1		0.00		6.00		4.863e-02		130.316		1.148e-02		7.899
1		0.00		6.40		5.216e-02		131.312		1.308e-02		9.340
1		0.00		6.80		5.299e-02		132.724		1.303e-02		9.978
1		0.00		7.20		5.797e-02		133.937		1.440e-02		9.099
1		0.00		7.60		5.913e-02		132.067		1.455e-02		15.486
1		0.00		8.00		5.879e-02		130.679		1.488e-02		27.137
1		0.00		8.40		5.677e-02		124.757		1.429e-02		37.496
1		0.00		8.80		5.965e-02		126.198		1.657e-02		32.553
1		0.00		9.20		5.755e-02		113.504		1.818e-02		51.055
1		0.00		9.60		6.164e-02		129.711		1.837e-02		20.884
1		0.00		10.00		5.715e-02		127.044		1.725e-02		40.110
1		0.00		9.60		5.540e-02		118.893		1.662e-02		54.132
1		0.00		9.20		5.682e-02		126.196		1.576e-02		48.602
1		0.00		8.80		5.573e-02		134.497		1.493e-02		11.665
1		0.00		8.40		5.186e-02		133.323		1.303e-02		13.820
1		0.00		8.00		4.965e-02		132.456		1.312e-02		12.812
1		0.00		7.60		4.787e-02		131.647		1.185e-02		9.526
1		0.00		7.20		4.671e-02		130.329		1.194e-02		9.571
1		0.00		6.80		4.471e-02		130.761		1.037e-02		7.784
1		0.00		6.40		4.001e-02		129.666		8.833e-03		7.567
1		0.00		6.00		3.566e-02		130.010		7.786e-03		8.496
1		0.00		5.60		3.209e-02		130.627		7.020e-03		8.428
1		0.00		5.20		2.734e-02		130.783		5.707e-03		10.034
1		0.00		4.80		2.210e-02		130.565		4.608e-03		9.755
1		0.00		4.40		1.713e-02		131.459		3.577e-03		11.712
1		0.00		4.00		1.126e-02		128.440		2.576e-03		14.850
1		0.00		3.60		5.646e-03		131.203		1.478e-03		24.653
1		0.00		3.20		2.018e-03		-10.775		8.258e-04		55.151
1		0.00		2.80		7.237e-03		-57.057		1.814e-03		17.976
1		0.00		2.40		1.299e-02		-52.421		3.027e-03		15.138
1		0.00		2.00		1.939e-02		-52.550		3.832e-03		12.031
1		0.00		1.60		2.515e-02		-53.103		5.724e-03		10.235
1		0.00		1.20		3.230e-02		-52.188		6.671e-03		8.701
1		0.00		0.80		3.734e-02		-52.113		8.259e-03		8.279
1		0.00		0.40		4.303e-02		-50.843		8.956e-03		8.527
1		0.00		0.00		4.752e-02		-50.689		1.051e-02		6.457
1		0.00		-0.40		5.053e-02		-50.047		1.119e-02		6.475
1		0.00		-0.80		5.557e-02		-48.840		1.361e-02		9.511
1		0.00		-1.20		5.548e-02		-49.774		1.349e-02		14.184
1		0.00		-1.60		5.896e-02		-48.555		1.585e-02		14.128
1		0.00		-2.00		6.192e-02		-50.748		1.833e-02		14.216
1		0.00		-2.40		5.814e-02		-48.709		1.699e-02		21.773
1		0.00		-2.80		6.381e-02		-48.066		2.178e-02		18.167
1		0.00		-3.20		6.070e-02		-50.148		1.828e-02		23.121
1		0.00		-3.60		5.925e-02		-46.718		1.838e-02		29.440
1		0.00		-4.00		6.111e-02		-45.162		1.839e-02		24.529
1		0.00		-4.40		5.925e-02		-42.306		1.808e-02		24.407
1		0.00		-4.80		5.827e-02		-45.911		2.116e-02		37.606
1		0.00		-5.20		5.515e-02		-44.044		1.700e-02		32.492
1		0.00		-5.60		6.055e-02		-35.279		1.892e-02		35.010
1		0.00		-6.00		5.985e-02		-55.234		2.347e-02		30.121
1		0.00		-6.40		5.854e-02		-37.622		2.099e-02		35.682
1		0.00		-6.80		6.268e-02		-48.919		2.498e-02		33.729
1		0.00		-7.20		6.172e-02		-45.703		2.109e-02		32.455
1		0.00		-7.60		6.073e-02		-35.714		2.092e-02		30.499
1		0.00		-8.00		5.888e-02		-40.153		2.231e-02		36.785
1		0.00		-8.40		6.484e-02		-42.461		2.080e-02		27.621
1		0.00		-8.80		6.123e-02		-32.185		1.858e-02		24.733
1		0.00		-9.20		5.904e-02		-39.302		1.924e-02		28.007
1		0.00		-9.60		5.891e-02		-46.371		1.940e-02		26.849
1		0.00		-10.00		5.648e-02		-37.345		1.478e-02		13.497
1		0.00		-9.60		5.605e-02		-38.772		1.768e-02		23.161
1		0.00		-9.20		6.182e-02		-36.362		1.809e-02		22.936
1		0.00		-8.80		6.179e-02		-40.702		1.746e-02		27.216
1		0.00		-8.40		6.039e-02		-40.657		1.783e-02		26.587
1		0.00		-8.00		6.300e-02		-46.355		1.914e-02		24.450
1		0.00		-7.60		6.369e-02		-45.932		1.881e-02		23.456
1		0.00		-7.20		6.255e-02		-38.452		1.624e-02		16.290
1		0.00		-6.80		5.867e-02		-44.533		1.583e-02		18.758
1		0.00		-6.40		6.078e-02		-41.064		1.447e-02		11.505
1		0.00		-6.00		5.751e-02		-44.859		1.347e-02		11.431
1		0.00		-5.60		5.567e-02		-46.203		1.198e-02		9.327
1		0.00		-5.20		5.591e-02		-49.355		1.271e-02		7.625
1		0.00		-4.80		5.210e-02		-51.359		1.115e-02		6.887
1		0.00		-4.40		4.914e-02		-52.302		1.022e-02		7.833
1		0.00		-4.00		4.481e-02		-53.878		9.400e-03		6.354
1		0.00		-3.60		3.978e-02		-52.677		8.104e-03		8.776
1		0.00		-3.20		3.541e-02		-51.123		7.019e-03		8.415
1		0.00		-2.80		3.127e-02		-51.199		6.283e-03		8.930
1		0.00		-2.40		2.556e-02		-48.570		5.062e-03		8.938
1		0.00		-2.00		2.045e-02		-47.598		4.191e-03		10.245
1		0.00		-1.60		1.514e-02		-46.839		3.178e-03		12.815
1		0.00		-1.20		9.532e-03		-43.579		2.347e-03		17.739
1		0.00		-0.80		4.150e-03		-30.840		1.297e-03		28.816
1		0.00		-0.40		2.644e-03		78.512		1.050e-03		57.442
2		0.00		0.00		7.152e-03		117.760		1.979e-03		22.542
2		0.00		0.40		1.280e-02		126.512		3.428e-03		16.053
2		0.00		0.80		1.740e-02		124.951		4.915e-03		15.211
2		0.00		1.20		2.243e-02		126.657		6.181e-03		15.323
2		0.00		1.60		2.725e-02		126.357		7.688e-03		14.068
2		0.00		2.00		3.184e-02		128.039		8.819e-03		12.131
2		0.00		2.40		3.665e-02		127.447		1.035e-02		11.564
2		0.00		2.80		4.107e-02		127.468		1.151e-02		10.282
2		0.00		3.20		4.527e-02		126.925		1.268e-02		11.675
2		0.00		3.60		4.737e-02		129.237		1.211e-02		8.391
2		0.00		4.00		4.960e-02		131.609		1.243e-02		9.626
2		0.00		4.40		5.387e-02		131.512		1.253e-02		8.850
2		0.00		4.80		5.553e-02		133.370		1.245e-02		9.810
2		0.00		5.20		5.959e-02		130.617		1.518e-02		12.023
2		0.00		5.60		5.987e-02		130.768		1.365e-02		35.963
2		0.00		6.00		6.209e-02		134.926		1.511e-02		13.356
2		0.00		6.40		6.192e-02		122.045		1.627e-02		63.746
2		0.00		6.80		6.143e-02		126.285		1.401e-02		39.367
2		0.00		7.20		6.388e-02		127.685		1.562e-02		42.008
2		0.00		7.60		6.228e-02		102.456		1.747e-02		70.199
2		0.00		8.00		6.322e-02		118.661		1.709e-02		54.736
2		0.00		8.40		6.504e-02		120.508		1.699e-02		42.046
2		0.00		8.80		5.711e-02		77.495		1.978e-02		92.339
2		0.00		9.20		6.006e-02		110.916		1.834e-02		51.494
2		0.00		9.60		5.727e-02		103.138		1.947e-02		65.809
2		0.00		10.00		5.659e-02		119.359		1.846e-02		34.835
2		0.00		9.60		5.819e-02		114.687		1.937e-02		58.156
2		0.00		9.20		5.686e-02		123.214		1.753e-02		41.971
2		0.00		8.80		5.827e-02		130.877		1.571e-02		21.436
2		0.00		8.40		5.511e-02		125.972		1.712e-02		31.217
2		0.00		8.00		5.409e-02		131.778		1.637e-02		16.570
2		0.00		7.60		5.247e-02		130.494		1.431e-02		23.462
2		0.00		7.20		4.939e-02		131.983		1.282e-02		10.897
2		0.00		6.80		4.704e-02		131.892		1.271e-02		10.703
2		0.00		6.40		4.281e-02		131.311		1.089e-02		10.160
2		0.00		6.00		3.989e-02		131.121		1.021e-02		10.911
2		0.00		5.60		3.511e-02		132.039		9.184e-03		10.722
2		0.00		5.20		3.015e-02		130.596		8.117e-03		11.220
2		0.00		4.80		2.528e-02		130.494		6.922e-03		13.333
2		0.00		4.40		1.988e-02		130.551		5.229e-03		13.460
2		0.00		4.00		1.452e-02		131.537		4.092e-03		16.600
2		0.00		3.60		9.160e-03		128.115		2.557e-03		21.841
2		0.00		3.20		3.292e-03		104.032		1.279e-03		49.485
2		0.00		2.80		3.369e-03		-65.857		1.264e-03		31.140
2		0.00		2.40		8.687e-03		-56.861		2.417e-03		16.829
2		0.00		2.00		1.460e-02		-56.009		4.278e-03		14.343
2		0.00		1.60		2.063e-02		-55.498		5.742e-03		11.735
2		0.00		1.20		2.592e-02		-54.273		6.953e-03		11.169
2		0.00		0.80		3.212e-02		-53.787		8.135e-03		9.050
2		0.00		0.40		3.781e-02		-53.121		9.063e-03		8.536
2		0.00		0.00		4.378e-02		-52.831		9.413e-03		6.649
2		0.00		-0.40		4.877e-02		-51.155		9.713e-03		5.913
2		0.00		-0.80		5.304e-02		-52.643		1.042e-02		7.396
2		0.00		-1.20		5.774e-02		-53.020		1.123e-02		6.649
2		0.00		-1.60		5.886e-02		-51.220		1.280e-02		8.638
2		0.00		-2.00		6.101e-02		-49.865		1.334e-02		10.025
2		0.00		-2.40		6.236e-02		-49.705		1.317e-02		11.041
2		0.00		-2.80		6.250e-02		-47.625		1.383e-02		15.344
2		0.00		-3.20		6.047e-02		-43.957		1.400e-02		19.112
2		0.00		-3.60		5.804e-02		-51.459		1.531e-02		27.327
2		0.00		-4.00		6.410e-02		-44.151		1.800e-02		22.700
2		0.00		-4.40		6.397e-02		-41.942		1.909e-02		22.626
2		0.00		-4.80		6.461e-02		-50.807		1.661e-02		24.817
2		0.00		-5.20		6.284e-02		-34.150		1.927e-02		24.875
2		0.00		-5.60		6.094e-02		-31.584		1.755e-02		21.949
2		0.00		-6.00		6.486e-02		-41.811		1.875e-02		29.216
2		0.00		-6.40		6.886e-02		-53.280		2.324e-02		25.717
2		0.00		-6.80		6.305e-02		-38.741		2.007e-02		28.076
2		0.00		-7.20		6.054e-02		-34.642		1.975e-02		31.650
2		0.00		-7.60		6.190e-02		-36.457		2.233e-02		32.423
2		0.00		-8.00		6.755e-02		-49.146		2.165e-02		28.302
2		0.00		-8.40		6.389e-02		-41.386		2.131e-02		32.552
2		0.00		-8.80		6.243e-02		-35.414		1.992e-02		22.902
2		0.00		-9.20		6.000e-02		-30.952		2.080e-02		24.120
2		0.00		-9.60		5.955e-02		-36.348		1.925e-02		25.963
2		0.00		-10.00		5.515e-02		-37.720		1.733e-02		21.697
2		0.00		-9.60		5.780e-02		-42.707		2.046e-02		28.885
2		0.00		-9.20		6.343e-02		-44.061		1.973e-02		29.322
2		0.00		-8.80		5.888e-02		-39.002		1.846e-02		33.422
2		0.00		-8.40		5.958e-02		-39.056		1.987e-02		31.052
2		0.00		-8.00		6.135e-02		-44.675		1.916e-02		23.984
2		0.00		-7.60		6.343e-02		-38.912		2.049e-02		24.747
2		0.00		-7.20		6.127e-02		-41.732		1.884e-02		19.378
2		0.00		-6.80		6.180e-02		-46.583		1.865e-02		16.219
2		0.00		-6.40		6.003e-02		-47.001		1.779e-02		15.766
2		0.00		-6.00		5.915e-02		-47.589		1.657e-02		9.740
2		0.00		-5.60		5.782e-02		-49.058		1.587e-02		9.375
2		0.00		-5.20		5.515e-02		-50.790		1.501e-02		8.940
2		0.00		-4.80		5.341e-02		-52.843		1.372e-02		7.838
2		0.00		-4.40		5.092e-02		-53.687		1.167e-02		7.247
2		0.00		-4.00		4.628e-02		-52.261		9.945e-03		7.080
2		0.00		-3.60		4.172e-02		-53.478		8.766e-03		7.293
2		0.00		-3.20		3.738e-02		-52.760		7.554e-03		7.731
2		0.00		-2.80		3.248e-02		-52.103		6.295e-03		7.194
2		0.00		-2.40		2.734e-02		-51.867		4.839e-03		7.281
2		0.00		-2.00		2.216e-02		-49.313		3.799e-03		8.795
2		0.00		-1.60		1.727e-02		-47.988		3.036e-03		10.052
2		0.00		-1.20		1.164e-02		-45.239		2.257e-03		15.295
2		0.00		-0.80		6.093e-03		-39.591		1.542e-03		17.892
2		0.00		-0.40		1.912e-03		8.235		8.333e-04		59.960
3		0.00		0.00		5.183e-03		112.389		1.408e-03		17.930
3		0.00		0.40		1.026e-02		125.583		2.030e-03		11.720
3		0.00		0.80		1.584e-02		125.759		2.877e-03		9.205
3		0.00		1.20		2.096e-02		128.121		3.887e-03		9.044
3		0.00		1.60		2.626e-02		127.366		4.759e-03		7.158
3		0.00		2.00		3.091e-02		128.551		5.520e-03		6.939
3		0.00		2.40		3.510e-02		129.068		6.777e-03		6.923
3		0.00		2.80		3.897e-02		129.812		7.765e-03		6.381
3		0.00		3.20		4.279e-02		130.480		8.728e-03		6.923
3		0.00		3.60		4.706e-02		130.522		9.684e-03		7.153
3		0.00		4.00		4.957e-02		131.952		1.050e-02		8.361
3		0.00		4.40		5.167e-02		132.721		1.204e-02		7.751
3		0.00		4.80		5.563e-02		131.209		1.338e-02		12.730
3		0.00		5.20		5.748e-02		134.012		1.427e-02		10.732
3		0.00		5.60		5.883e-02		131.706		1.627e-02		23.379
3		0.00		6.00		5.989e-02		132.427		1.641e-02		25.417
3		0.00		6.40		5.930e-02		131.291		1.711e-02		21.330
3		0.00		6.80		6.276e-02		135.001		1.837e-02		16.432
3		0.00		7.20		6.182e-02		127.504		2.026e-02		31.565
3		0.00		7.60		6.216e-02		119.842		2.105e-02		40.996
3		0.00		8.00		6.083e-02		128.709		2.035e-02		33.415
3		0.00		8.40		5.909e-02		99.987		2.123e-02		74.725
3		0.00		8.80		5.895e-02		108.425		2.082e-02		59.772
3		0.00		9.20		6.122e-02		101.647		2.282e-02		66.806
3		0.00		9.60		6.586e-02		121.917		2.414e-02		27.869
3		0.00		10.00		6.022e-02		122.708		2.046e-02		48.857
3		0.00		9.60		5.957e-02		118.905		2.131e-02		37.645
3		0.00		9.20		6.131e-02		126.278		1.988e-02		20.598
3		0.00		8.80		6.179e-02		130.318		1.868e-02		19.666
3		0.00		8.40		6.048e-02		129.149		1.718e-02		20.554
3		0.00		8.00		5.803e-02		131.484		1.584e-02		13.215
3		0.00		7.60		5.637e-02		131.671		1.449e-02		9.521
3		0.00		7.20		5.359e-02		129.932		1.408e-02		8.932
3		0.00		6.80		4.998e-02		129.724		1.265e-02		8.703
3		0.00		6.40		4.697e-02		128.499		1.146e-02		8.360
3		0.00		6.00		4.305e-02		130.311		9.957e-03		6.242
3		0.00		5.60		3.807e-02		130.572		9.253e-03		8.684
3		0.00		5.20		3.335e-02		131.083		7.593e-03		7.593
3		0.00		4.80		2.837e-02		131.832		6.502e-03		7.557
3		0.00		4.40		2.366e-02		129.475		5.407e-03		8.836
3		0.00		4.00		1.768e-02		132.293		3.920e-03		8.822
3		0.00		3.60		1.230e-02		136.732		2.724e-03		11.346
3		0.00		3.20		6.963e-03		135.372		1.753e-03		13.104
3		0.00		2.80		1.900e-03		25.957		8.572e-04		92.281
3		0.00		2.40		5.071e-03		-73.649		1.450e-03		21.783
3		0.00		2.00		1.076e-02		-57.473		1.925e-03		11.024
3		0.00		1.60		1.681e-02		-52.670		3.279e-03		11.070
3		0.00		1.20		2.298e-02		-54.942		3.744e-03		8.298
3		0.00		0.80		2.886e-02		-53.315		4.795e-03		8.530
3		0.00		0.40		3.486e-02		-51.638		5.459e-03		6.724
3		0.00		0.00		4.041e-02		-53.151		6.467e-03		6.720
3		0.00		-0.40		4.570e-02		-51.452		6.999e-03		5.631
3		0.00		-0.80		5.013e-02		-51.822		7.819e-03		5.773
3		0.00		-1.20		5.490e-02		-50.778		8.947e-03		5.008
3		0.00		-1.60		5.886e-02		-53.022		1.018e-02		6.855
3		0.00		-2.00		6.004e-02		-51.032		1.133e-02		8.546
3		0.00		-2.40		6.150e-02		-49.162		1.359e-02		11.041
3		0.00		-2.80		6.076e-02		-48.828		1.419e-02		14.193
3		0.00		-3.20		6.146e-02		-45.129		1.429e-02		16.280
3		0.00		-3.60		6.291e-02		-45.435		1.661e-02		16.997
3		0.00		-4.00		6.432e-02		-50.864		1.795e-02		19.484
3		0.00		-4.40		6.415e-02		-44.951		1.794e-02		21.241
3		0.00		-4.80		6.262e-02		-46.090		1.907e-02		23.959
3		0.00		-5.20		6.327e-02		-44.554		1.955e-02		24.337
3		0.00		-5.60		6.265e-02		-46.673		1.988e-02		28.926
3		0.00		-6.00		5.981e-02		-41.736		1.870e-02		26.421
3		0.00		-6.40		6.235e-02		-41.582		2.036e-02		27.398
3		0.00		-6.80		6.781e-02		-43.628		2.254e-02		26.084
3		0.00		-7.20		6.841e-02		-42.324		2.015e-02		23.778
3		0.00		-7.60		6.069e-02		-29.322		1.884e-02		24.527
3		0.00		-8.00		6.463e-02		-38.361		1.919e-02		26.304
3		0.00		-8.40		6.612e-02		-36.761		2.141e-02		30.172
3		0.00		-8.80		6.208e-02		-32.546		2.008e-02		26.135
3		0.00		-9.20		6.405e-02		-47.061		1.986e-02		29.044
3		0.00		-9.60		5.965e-02		-37.576		1.785e-02		24.336
3		0.00		-10.00		5.718e-02		-38.342		1.670e-02		18.535
3		0.00		-9.60		5.863e-02		-42.557		1.778e-02		22.134
3		0.00		-9.20		6.090e-02		-39.106		2.061e-02		25.922
3		0.00		-8.80		6.344e-02		-40.624		1.781e-02		19.765
3		0.00		-8.40		6.315e-02		-43.418		1.858e-02		18.508
3		0.00		-8.00		6.357e-02		-39.400		1.739e-02		16.089
3		0.00		-7.60		6.135e-02		-39.718		1.558e-02		14.898
3		0.00		-7.20		6.233e-02		-43.471		1.526e-02		14.262
3		0.00		-6.80		6.265e-02		-44.242		1.474e-02		11.123
3		0.00		-6.40		6.142e-02		-46.374		1.219e-02		7.686
3		0.00		-6.00		6.136e-02		-46.921		1.340e-02		8.621
3		0.00		-5.60		5.752e-02		-46.638		1.065e-02		8.118
3		0.00		-5.20		5.750e-02		-50.590		1.020e-02		6.627
3		0.00		-4.80		5.340e-02		-49.873		8.987e-03		5.968
3		0.00		-4.40		5.037e-02		-51.368		8.673e-03		5.670
3		0.00		-4.00		4.556e-02		-51.190		7.981e-03		6.249
3		0.00		-3.60		4.155e-02		-51.773		7.199e-03		6.483
3		0.00		-3.20		3.670e-02		-52.662		6.371e-03		6.936
3		0.00		-2.80		3.197e-02		-50.621		5.520e-03		7.145
3		0.00		-2.40		2.681e-02		-48.948		4.482e-03		9.298
3		0.00		-2.00		2.181e-02		-48.840		4.093e-03		9.832
3		0.00		-1.60		1.636e-02		-47.416		3.210e-03		10.162
3		0.00		-1.20		1.136e-02		-43.310		2.512e-03		13.495
3		0.00		-0.80		6.074e-03		-42.675		1.659e-03		21.495
3		0.00		-0.40		1.951e-03		-25.072		7.970e-04		55.741
4		0.00		0.00		4.680e-03		115.367		1.716e-03		26.947
4		0.00		0.40		9.284e-03		122.080		2.690e-03		16.728
4		0.00		0.80		1.436e-02		127.080		3.845e-03		14.512
4		0.00		1.20		1.865e-02		124.276		5.026e-03		15.027
4		0.00		1.60		2.407e-02		128.687		6.348e-03		13.502
4		0.00		2.00		2.860e-02		126.250		7.563e-03		12.880
4		0.00		2.40		3.274e-02		128.795		8.254e-03		10.887
4		0.00		2.80		3.739e-02		129.221		8.845e-03		8.969
4		0.00		3.20		4.209e-02		128.501		9.773e-03		8.925
4		0.00		3.60		4.621e-02		129.568		1.020e-02		7.422
4		0.00		4.00		4.973e-02		130.832		1.060e-02		7.208
4		0.00		4.40		5.302e-02		130.584		1.017e-02		5.566
4		0.00		4.80		5.612e-02		131.047		1.105e-02		6.762
4		0.00		5.20		5.721e-02		132.505		1.178e-02		15.614
4		0.00		5.60		6.075e-02		133.378		1.276e-02		8.275
4		0.00		6.00		5.948e-02		131.745		1.320e-02		24.150
4		0.00		6.40		6.038e-02		132.880		1.471e-02		23.786
4		0.00		6.80		6.034e-02		130.351		1.687e-02		29.400
4		0.00		7.20		6.005e-02		119.444		1.895e-02		51.346
4		0.00		7.60		6.474e-02		124.194		2.069e-02		37.815
4		0.00		8.00		6.336e-02		130.352		1.942e-02		31.726
4		0.00		8.40		6.134e-02		120.187		2.137e-02		46.776
4		0.00		8.80		6.210e-02		122.505		1.984e-02		37.261
4		0.00		9.20		6.378e-02		114.605		2.242e-02		58.526
4		0.00		9.60		6.266e-02		107.475		2.265e-02		65.997
4		0.00		10.00		6.245e-02		125.610		2.120e-02		28.783
4		0.00		9.60		5.803e-02		117.660		1.724e-02		48.598
4		0.00		9.20		6.356e-02		127.503		1.850e-02		22.548
4		0.00		8.80		6.461e-02		134.378		1.630e-02		10.984
4		0.00		8.40		6.158e-02		135.161		1.520e-02		14.751
4		0.00		8.00		5.873e-02		134.758		1.407e-02		10.074
4		0.00		7.60		5.578e-02		132.773		1.266e-02		9.907
4		0.00		7.20		5.451e-02		132.912		1.211e-02		6.600
4		0.00		6.80		5.174e-02		132.545		1.093e-02		5.250
4		0.00		6.40		4.811e-02		132.457		9.933e-03		5.799
4		0.00		6.00		4.310e-02		132.047		9.356e-03		6.345
4		0.00		5.60		3.907e-02		132.239		8.895e-03		6.035
4		0.00		5.20		3.393e-02		132.761		7.698e-03		6.328
4		0.00		4.80		2.882e-02		131.997		7.015e-03		7.914
4		0.00		4.40		2.359e-02		132.258		5.816e-03		10.296
4		0.00		4.00		1.834e-02		132.091		4.654e-03		14.252
4		0.00		3.60		1.300e-02		134.041		3.552e-03		15.754
4		0.00		3.20		7.788e-03		133.157		2.153e-03		20.895
4		0.00		2.80		2.588e-03		68.630		9.785e-04		88.175
4		0.00		2.40		4.228e-03		-61.981		1.482e-03		30.861
4		0.00		2.00		9.878e-03		-59.643		2.714e-03		14.541
4		0.00		1.60		1.578e-02		-54.293		3.577e-03		11.947
4		0.00		1.20		2.147e-02		-52.803		4.591e-03		7.793
4		0.00		0.80		2.718e-02		-54.015		5.768e-03		8.827
4		0.00		0.40		3.322e-02		-54.214		5.942e-03		7.343
4		0.00		0.00		3.887e-02		-52.573		6.746e-03		5.959
4		0.00		-0.40		4.423e-02		-51.844		7.263e-03		6.045
4		0.00		-0.80		4.892e-02		-52.124		7.833e-03		6.022
4		0.00		-1.20		5.403e-02		-51.676		8.643e-03		4.813
4		0.00		-1.60		5.704e-02		-52.812		9.436e-03		6.364
4		0.00		-2.00		5.912e-02		-50.476		1.041e-02		6.798
4		0.00		-2.40		5.895e-02		-48.554		1.361e-02		10.914
4		0.00		-2.80		6.195e-02		-48.288		1.522e-02		8.005
4		0.00		-3.20		6.051e-02		-48.248		1.769e-02		11.846
4		0.00		-3.60		5.959e-02		-48.177		1.649e-02		21.165
4		0.00		-4.00		6.238e-02		-45.638		1.782e-02		17.004
4		0.00		-4.40		6.297e-02		-49.667		1.674e-02		16.745
4		0.00		-4.80		6.241e-02		-42.316		1.939e-02		18.270
4		0.00		-5.20		6.045e-02		-51.282		1.702e-02		25.807
4		0.00		-5.60		6.424e-02		-40.900		1.664e-02		20.118
4		0.00		-6.00		6.281e-02		-39.355		1.633e-02		23.685
4		0.00		-6.40		6.435e-02		-40.261		1.662e-02		24.463
4		0.00		-6.80		6.234e-02		-38.859		1.901e-02		29.374
4		0.00		-7.20		6.264e-02		-34.934		1.693e-02		25.981
4		0.00		-7.60		6.516e-02		-36.417		1.894e-02		25.822
4		0.00		-8.00		6.286e-02		-37.207		2.065e-02		29.652
4		0.00		-8.40		6.536e-02		-35.682		2.004e-02		22.915
4		0.00		-8.80		6.734e-02		-42.413		2.009e-02		22.072
4		0.00		-9.20		6.333e-02		-38.641		1.843e-02		23.535
4		0.00		-9.60		6.171e-02		-42.201		1.780e-02		16.520
4		0.00		-10.00		5.745e-02		-41.430		1.584e-02		10.906
4		0.00		-9.60		6.122e-02		-43.906		1.904e-02		16.024
4		0.00		-9.20		6.017e-02		-33.321		1.668e-02		18.426
4		0.00		-8.80		6.606e-02		-41.699		1.900e-02		18.967
4		0.00		-8.40		6.172e-02		-46.341		1.716e-02		24.455
4		0.00		-8.00		6.418e-02		-43.017		1.970e-02		22.230
4		0.00		-7.60		6.195e-02		-42.605		1.722e-02		18.066
4		0.00		-7.20		5.986e-02		-42.963		1.938e-02		17.115
4		0.00		-6.80		6.103e-02		-44.668		1.711e-02		13.740
4		0.00		-6.40		5.926e-02		-43.855		1.751e-02		13.866
4		0.00		-6.00		5.969e-02		-48.450		1.642e-02		13.986
4		0.00		-5.60		5.949e-02		-49.458		1.497e-02		8.346
4		0.00		-5.20		5.795e-02		-50.547		1.260e-02		6.792
4		0.00		-4.80		5.463e-02		-50.455		1.015e-02		5.971
4		0.00		-4.40		5.133e-02		-51.036		9.107e-03		5.022
4		0.00		-4.00		4.623e-02		-50.308		8.064e-03		5.500
4		0.00		-3.60		4.129e-02		-51.118		6.970e-03		6.907
4		0.00		-3.20		3.707e-02		-50.761		6.055e-03		8.630
4		0.00		-2.80		3.209e-02		-49.648		5.558e-03		7.391
4		0.00		-2.40		2.668e-02		-48.228		5.347e-03		7.842
4		0.00		-2.00		2.157e-02		-50.980		4.596e-03		11.350
4		0.00		-1.60		1.663e-02		-48.360		3.903e-03		11.768
4		0.00		-1.20		1.133e-02		-44.731		2.945e-03		13.220
4		0.00		-0.80		6.464e-03		-47.114		1.845e-03		20.000
4		0.00		-0.40		2.120e-03		-7.599		8.431e-04		54.797
5		0.00		0.00		4.119e-03		111.997		1.349e-03		36.455
5		0.00		0.40		8.967e-03		123.629		1.969e-03		11.717
5		0.00		0.80		1.454e-02		126.135		2.432e-03		10.660
5		0.00		1.20		1.959e-02		127.410		3.269e-03		9.575
5		0.00		1.60		2.433e-02		129.349		4.735e-03		8.001
5		0.00		2.00		2.868e-02		130.177		5.675e-03		7.595
5		0.00		2.40		3.311e-02		128.464		6.795e-03		11.570
5		0.00		2.80		3.749e-02		129.575		8.621e-03		10.516
5		0.00		3.20		4.164e-02		128.401		1.018e-02		12.801
5		0.00		3.60		4.568e-02		129.617		1.116e-02		10.934
5		0.00		4.00		4.949e-02		129.391		1.166e-02		7.662
5		0.00		4.40		5.259e-02		130.982		1.075e-02		5.931
5		0.00		4.80		5.576e-02		131.959		1.090e-02		5.935
5		0.00		5.20		5.871e-02		131.914		1.171e-02		10.116
5		0.00		5.60		5.926e-02		132.682		1.176e-02		8.934
5		0.00		6.00		5.996e-02		133.726		1.295e-02		24.822
5		0.00		6.40		6.094e-02		132.007		1.618e-02		31.875
5		0.00		6.80		5.944e-02		135.017		1.546e-02		15.609
5		0.00		7.20		5.745e-02		127.036		1.824e-02		35.283
5		0.00		7.60		5.953e-02		122.168		1.952e-02		51.418
5		0.00		8.00		6.228e-02		124.496		2.208e-02		28.965
5		0.00		8.40		6.225e-02		125.211		1.918e-02		40.060
5		0.00		8.80		6.234e-02		119.775		1.829e-02		46.187
5		0.00		9.20		6.377e-02		128.255		1.840e-02		31.530
5		0.00		9.60		6.337e-02		125.801		1.655e-02		47.307
5		0.00		10.00		6.041e-02		113.215		1.851e-02		68.248
5		0.00		9.60		6.154e-02		126.262		1.764e-02		33.740
5		0.00		9.20		6.210e-02		129.107		1.843e-02		27.511
5		0.00		8.80		5.958e-02		128.691		1.835e-02		35.979
5		0.00		8.40		5.711e-02		131.222		1.598e-02		29.962
5		0.00		8.00		5.776e-02		132.373		1.629e-02		17.567
5		0.00		7.60		5.396e-02		129.115		1.526e-02		22.959
5		0.00		7.20		5.473e-02		130.475		1.419e-02		9.145
5		0.00		6.80		5.042e-02		130.430		1.193e-02		7.929
5		0.00		6.40		4.792e-02		131.702		1.011e-02		6.360
5		0.00		6.00		4.411e-02		132.509		8.545e-03		5.205
5		0.00		5.60		3.923e-02		132.999		7.994e-03		6.332
5		0.00		5.20		3.416e-02		132.005		7.057e-03		7.063
5		0.00		4.80		2.884e-02		133.892		6.626e-03		6.366
5		0.00		4.40		2.410e-02		133.795		5.797e-03		10.768
5		0.00		4.00		1.883e-02		134.808		4.721e-03		13.977
5		0.00		3.60		1.291e-02		133.971		3.701e-03		16.511
5		0.00		3.20		7.898e-03		135.712		2.228e-03		15.699
5		0.00		2.80		2.695e-03		82.660		1.064e-03		77.443
5		0.00		2.40		3.526e-03		-78.073		1.360e-03		28.376
5		0.00		2.00		9.298e-03		-53.879		2.142e-03		14.843
5		0.00		1.60		1.509e-02		-57.035		2.661e-03		11.378
5		0.00		1.20		2.074e-02		-53.710		3.445e-03		10.678
5		0.00		0.80		2.652e-02		-51.797		4.576e-03		7.710
5		0.00		0.40		3.221e-02		-51.318		5.286e-03		6.986
5		0.00		0.00		3.727e-02		-51.770		7.210e-03		7.744
5		0.00		-0.40		4.296e-02		-51.084		8.884e-03		6.785
5		0.00		-0.80		4.762e-02		-51.206		1.060e-02		8.326
5		0.00		-1.20		5.162e-02		-52.873		1.213e-02		8.455
5		0.00		-1.60		5.547e-02		-52.310		1.305e-02		8.561
5		0.00		-2.00		5.843e-02		-52.530		1.388e-02		6.687
5		0.00		-2.40		5.857e-02		-51.243		1.303e-02		8.702
5		0.00		-2.80		6.281e-02		-50.093		1.516e-02		9.379
5		0.00		-3.20		6.194e-02		-49.177		1.261e-02		8.688
5		0.00		-3.60		6.206e-02		-43.702		1.367e-02		12.070
5		0.00		-4.00		6.366e-02		-44.897		1.831e-02		19.018
5		0.00		-4.40		6.324e-02		-43.822		1.533e-02		16.509
5		0.00		-4.80		6.345e-02		-49.801		1.914e-02		24.243
5		0.00		-5.20		6.256e-02		-41.317		1.891e-02		22.056
5		0.00		-5.60		6.362e-02		-38.254		2.147e-02		26.913
5		0.00		-6.00		6.179e-02		-43.991		1.984e-02		24.717
5		0.00		-6.40		6.293e-02		-37.902		1.828e-02		22.218
5		0.00		-6.80		6.532e-02		-36.955		1.766e-02		22.056
5		0.00		-7.20		6.627e-02		-42.135		1.790e-02		23.266
5		0.00		-7.60		6.737e-02		-38.022		1.846e-02		22.937
5		0.00		-8.00		6.732e-02		-44.863		1.662e-02		23.798
5		0.00		-8.40		6.667e-02		-37.696		1.607e-02		24.227
5		0.00		-8.80		6.437e-02		-36.648		1.668e-02		21.925
5		0.00		-9.20		6.148e-02		-31.951		1.645e-02		19.383
5		0.00		-9.60		6.343e-02		-40.668		1.818e-02		16.528
5		0.00		-10.00		5.586e-02		-36.753		1.473e-02		9.917
5		0.00		-9.60		6.098e-02		-39.572		1.835e-02		14.450
5		0.00		-9.20		6.023e-02		-37.390		1.799e-02		20.471
5		0.00		-8.80		6.107e-02		-35.589		2.083e-02		24.638
5		0.00		-8.40		6.072e-02		-36.116		1.912e-02		21.069
5		0.00		-8.00		6.156e-02		-40.469		1.948e-02		21.883
5		0.00		-7.60		6.097e-02		-37.976		1.872e-02		22.029
5		0.00		-7.20		6.681e-02		-45.399		1.836e-02		12.624
5		0.00		-6.80		6.319e-02		-46.228		1.737e-02		9.289
5		0.00		-6.40		6.185e-02		-47.004		1.426e-02		8.186
5		0.00		-6.00		6.045e-02		-46.791		1.336e-02		8.326
5		0.00		-5.60		6.049e-02		-49.625		1.237e-02		6.806
5		0.00		-5.20		5.726e-02		-48.725		1.044e-02		6.658
5		0.00		-4.80		5.372e-02		-50.364		9.589e-03		6.360
5		0.00		-4.40		4.966e-02		-51.569		9.217e-03		6.461
5		0.00		-4.00		4.508e-02		-51.971		8.447e-03		6.304
5		0.00		-3.60		4.014e-02		-51.269		7.920e-03		6.045
5		0.00		-3.20		3.586e-02		-51.098		7.681e-03		10.005
5		0.00		-2.80		3.116e-02		-49.649		7.022e-03		8.446
5		0.00		-2.40		2.609e-02		-50.630		6.318e-03		11.108
5		0.00		-2.00		2.181e-02		-49.624		5.317e-03		11.340
5		0.00		-1.60		1.681e-02		-49.593		4.162e-03		11.027
5		0.00		-1.20		1.165e-02		-47.793		2.797e-03		17.461
5		0.00		-0.80		6.791e-03		-46.695		1.798e-03		20.124
5		0.00		-0.40		2.190e-03		-41.526		8.139e-04		50.349
6		0.00		0.00		3.536e-03		109.452		1.167e-03		44.863
6		0.00		0.40		8.598e-03		124.163		1.992e-03		12.699
6		0.00		0.80		1.372e-02		127.766		2.870e-03		10.908
6		0.00		1.20		1.813e-02		128.707		3.445e-03		8.834
6		0.00		1.60		2.268e-02		129.355		4.811e-03		8.751
6		0.00		2.00		2.664e-02		129.055		5.968e-03		8.062
6		0.00		2.40		3.096e-02		128.976		7.783e-03		11.000
6		0.00		2.80		3.556e-02		129.933		8.981e-03		11.885
6		0.00		3.20		4.000e-02		129.429		9.803e-03		11.601
6		0.00		3.60		4.324e-02		130.033		1.041e-02		10.623
6		0.00		4.00		4.678e-02		128.850		1.067e-02		8.073
6		0.00		4.40		5.071e-02		130.575		1.038e-02		6.498
6		0.00		4.80		5.451e-02		132.344		9.890e-03		5.647
6		0.00		5.20		5.654e-02		133.124		1.048e-02		7.748
6		0.00		5.60		5.903e-02		132.437		1.148e-02		7.805
6		0.00		6.00		6.100e-02		131.591		1.340e-02		24.318
6		0.00		6.40		6.011e-02		128.177		1.539e-02		42.792
6		0.00		6.80		6.237e-02		128.366		1.840e-02		35.684
6		0.00		7.20		6.159e-02		129.949		1.938e-02		34.793
6		0.00		7.60		6.350e-02		129.236		1.871e-02		27.116
6		0.00		8.00		6.089e-02		126.071		1.953e-02		43.000
6		0.00		8.40		6.443e-02		128.799		1.875e-02		39.549
6		0.00		8.80		6.423e-02		125.936		1.799e-02		30.415
6		0.00		9.20		6.474e-02		121.726		1.806e-02		30.798
6		0.00		9.60		6.467e-02		124.158		1.705e-02		36.663
6		0.00		10.00		6.579e-02		128.719		1.715e-02		25.634
6		0.00		9.60		6.417e-02		126.003		1.707e-02		38.305
6		0.00		9.20		6.290e-02		133.661		1.519e-02		22.396
6		0.00		8.80		6.050e-02		133.695		1.500e-02		30.609
6		0.00		8.40		5.937e-02		127.876		1.692e-02		44.468
6		0.00		8.00		5.804e-02		129.709		1.717e-02		26.862
6		0.00		7.60		5.687e-02		133.023		1.580e-02		13.987
6		0.00		7.20		5.558e-02		130.174		1.522e-02		14.329
6		0.00		6.80		5.172e-02		129.702		1.412e-02		13.777
6		0.00		6.40		4.820e-02		129.332		1.263e-02		11.538
6		0.00		6.00		4.499e-02		129.671		1.097e-02		7.218
6		0.00		5.60		4.075e-02		130.824		8.872e-03		6.543
6		0.00		5.20		3.570e-02		132.807		7.519e-03		6.270
6		0.00		4.80		3.082e-02		132.232		6.569e-03		6.141
6		0.00		4.40		2.553e-02		132.298		5.613e-03		7.956
6		0.00		4.00		2.046e-02		132.306		4.386e-03		9.811
6		0.00		3.60		1.502e-02		135.937		3.052e-03		10.249
6		0.00		3.20		9.278e-03		136.222		2.058e-03		11.919
6		0.00		2.80		3.997e-03		126.759		1.306e-03		42.583
6		0.00		2.40		2.408e-03		-53.245		1.065e-03		47.886
6		0.00		2.00		7.304e-03		-62.128		2.191e-03		19.430
6		0.00		1.60		1.298e-02		-56.612		3.451e-03		13.296
6		0.00		1.20		1.838e-02		-54.399		4.642e-03		12.593
6		0.00		0.80		2.426e-02		-52.679		5.836e-03		10.318
6		0.00		0.40		2.971e-02		-53.348		6.579e-03		9.255
6		0.00		0.00		3.573e-02		-51.661		7.246e-03		7.081
6		0.00		-0.40		4.146e-02		-52.493		7.696e-03		5.137
6		0.00		-0.80		4.689e-02		-53.387		8.075e-03		6.699
6		0.00		-1.20		5.156e-02		-52.980		8.450e-03		4.590
6		0.00		-1.60		5.593e-02		-52.511		8.514e-03		4.982
6		0.00		-2.00		5.860e-02		-52.615		9.995e-03		8.673
6		0.00		-2.40		6.016e-02		-51.952		9.770e-03		6.788
6		0.00		-2.80		6.218e-02		-48.208		1.112e-02		8.167
6		0.00		-3.20		6.263e-02		-48.365		1.395e-02		11.318
6		0.00		-3.60		6.326e-02		-47.742		1.646e-02		15.654
6		0.00		-4.00		6.288e-02		-45.569		1.697e-02		14.215
6		0.00		-4.40		6.164e-02		-47.047		1.721e-02		20.718
6		0.00		-4.80		6.315e-02		-46.750		1.843e-02		19.442
6		0.00		-5.20		6.314e-02		-41.394		1.890e-02		19.872
6		0.00		-5.60		6.483e-02		-48.155		1.935e-02		19.506
6		0.00		-6.00		6.860e-02		-43.929		2.007e-02		19.216
6		0.00		-6.40		6.581e-02		-35.194		1.621e-02		18.144
6		0.00		-6.80		6.871e-02		-39.609		1.971e-02		21.169
6		0.00		-7.20		6.920e-02		-43.465		1.703e-02		22.585
6		0.00		-7.60		6.765e-02		-45.828		1.869e-02		27.043
6		0.00		-8.00		6.534e-02		-38.259		1.637e-02		28.143
6		0.00		-8.40		6.586e-02		-38.789		1.882e-02		20.011
6		0.00		-8.80		6.524e-02		-38.549		1.917e-02		24.470
6		0.00		-9.20		6.291e-02		-38.482		2.060e-02		24.037
6		0.00		-9.60		6.010e-02		-36.072		1.805e-02		18.871
6		0.00		-10.00		5.668e-02		-40.581		1.663e-02		17.425
6		0.00		-9.60		6.107e-02		-37.750		1.896e-02		18.786
6		0.00		-9.20		6.200e-02		-34.995		2.052e-02		18.933
6		0.00		-8.80		6.218e-02		-40.755		1.758e-02		19.787
6		0.00		-8.40		6.398e-02		-39.955		1.673e-02		17.305
6		0.00		-8.00		6.440e-02		-40.557		1.720e-02		18.288
6		0.00		-7.60		6.588e-02		-42.149		1.754e-02		12.533
6		0.00		-7.20		6.416e-02		-42.639		1.565e-02		13.700
6		0.00		-6.80		6.173e-02		-42.158		1.587e-02		11.378
6		0.00		-6.40		5.996e-02		-45.213		1.551e-02		10.208
6		0.00		-6.00		5.763e-02		-46.734		1.554e-02		11.381
6		0.00		-5.60		5.668e-02		-48.599		1.497e-02		8.308
6		0.00		-5.20		5.460e-02		-49.626		1.465e-02		10.552
6		0.00		-4.80		5.192e-02		-50.766		1.264e-02		8.982
6		0.00		-4.40		4.856e-02		-52.389		1.168e-02		9.508
6		0.00		-4.00		4.452e-02		-53.685		1.057e-02		7.781
6		0.00		-3.60		4.025e-02		-51.862		8.636e-03		7.196
6		0.00		-3.20		3.635e-02		-51.648		6.778e-03		6.127
6		0.00		-2.80		3.149e-02		-52.608		5.458e-03		8.173
6		0.00		-2.40		2.741e-02		-51.383		4.484e-03		7.587
6		0.00		-2.00		2.240e-02		-48.529		3.535e-03		8.598
6		0.00		-1.60		1.733e-02		-48.572		2.795e-03		10.036
6		0.00		-1.20		1.228e-02		-45.423		2.351e-03		11.529
6		0.00		-0.80		6.939e-03		-46.042		1.650e-03		20.173
6		0.00		-0.40		2.322e-03		-27.642		8.302e-04		49.249
7		0.00		0.00		3.684e-03		106.514		1.496e-03		40.231
7		0.00		0.40		8.135e-03		122.277		2.154e-03		22.320
7		0.00		0.80		1.335e-02		126.653		3.230e-03		14.385
7		0.00		1.20		1.769e-02		127.824		4.282e-03		12.700
7		0.00		1.60		2.288e-02		128.221		5.560e-03		10.810
7		0.00		2.00		2.752e-02		127.971		5.602e-03		6.889
7		0.00		2.40		3.245e-02		128.788		6.410e-03		7.239
7		0.00		2.80		3.621e-02		130.409		6.105e-03		6.382
7		0.00		3.20		4.115e-02		130.747		7.037e-03		5.791
7		0.00		3.60		4.584e-02		130.580		7.967e-03		5.726
7		0.00		4.00		4.920e-02		131.528		8.483e-03		5.834
7		0.00		4.40		5.310e-02		131.419		9.929e-03		5.406
7		0.00		4.80		5.570e-02		131.132		1.132e-02		7.350
7		0.00		5.20		5.657e-02		131.895		1.345e-02		11.330
7		0.00		5.60		5.833e-02		131.065		1.472e-02		19.032
7		0.00		6.00		5.892e-02		132.985		1.455e-02		14.334
7		0.00		6.40		6.090e-02		133.191		1.612e-02		16.226
7		0.00		6.80		6.159e-02		131.282		1.739e-02		22.712
7		0.00		7.20		6.181e-02		127.427		1.819e-02		35.516
7		0.00		7.60		6.205e-02		129.431		1.856e-02		33.092
7		0.00		8.00		6.240e-02		127.121		1.791e-02		26.587
7		0.00		8.40		6.362e-02		126.701		1.779e-02		29.316
7		0.00		8.80		6.801e-02		124.880		1.903e-02		45.659
7		0.00		9.20		6.646e-02		116.904		1.868e-02		44.578
7		0.00		9.60		6.155e-02		107.573		1.866e-02		65.117
7		0.00		10.00		6.508e-02		130.232		1.843e-02		41.220
7		0.00		9.60		6.480e-02		131.326		1.852e-02		33.660
7		0.00		9.20		6.447e-02		123.811		1.824e-02		37.537
7		0.00		8.80		6.357e-02		131.728		1.490e-02		22.422
7		0.00		8.40		6.331e-02		132.448		1.512e-02		23.082
7		0.00		8.00		6.110e-02		135.019		1.416e-02		9.049
7		0.00		7.60		5.833e-02		132.601		1.359e-02		12.999
7		0.00		7.20		5.546e-02		132.902		1.258e-02		7.762
7		0.00		6.80		5.227e-02		132.827		1.196e-02		6.639
7		0.00		6.40		4.822e-02		131.647		1.106e-02		7.543
7		0.00		6.00		4.477e-02		132.852		1.021e-02		6.892
7		0.00		5.60		4.055e-02		132.719		9.204e-03		7.150
7		0.00		5.20		3.544e-02		132.282		8.408e-03		9.220
7		0.00		4.80		3.040e-02		133.384		7.840e-03		10.058
7		0.00		4.40		2.560e-02		131.853		6.214e-03		10.321
7		0.00		4.00		2.025e-02		132.031		5.059e-03		11.394
7		0.00		3.60		1.482e-02		130.021		3.878e-03		15.380
7		0.00		3.20		9.456e-03		128.795		2.601e-03		22.528
7		0.00		2.80		4.255e-03		121.888		1.689e-03		38.418
7		0.00		2.40		2.235e-03		-36.740		9.257e-04		45.669
7		0.00		2.00		6.941e-03		-55.006		2.235e-03		17.821
7		0.00		1.60		1.248e-02		-54.893		3.344e-03		12.265
7		0.00		1.20		1.821e-02		-54.064		4.450e-03		10.744
7		0.00		0.80		2.361e-02		-50.968		5.359e-03		8.518
7		0.00		0.40		2.893e-02		-51.589		6.586e-03		8.470
7		0.00		0.00		3.452e-02		-52.028		7.681e-03		8.434
7		0.00		-0.40		3.988e-02		-52.228		8.988e-03		8.603
7		0.00		-0.80		4.474e-02		-52.823		9.993e-03		8.132
7		0.00		-1.20		4.984e-02		-52.775		1.138e-02		8.898
7		0.00		-1.60		5.407e-02		-52.958		1.193e-02		7.298
7		0.00		-2.00		5.798e-02		-52.364		1.290e-02		5.980
7		0.00		-2.40		5.939e-02		-52.323		1.355e-02		6.678
7		0.00		-2.80		6.181e-02		-51.734		1.443e-02		7.476
7		0.00		-3.20		6.239e-02		-51.242		1.541e-02		9.262
7		0.00		-3.60		6.271e-02		-49.517		1.545e-02		9.347
7		0.00		-4.00		6.112e-02		-50.812		1.659e-02		15.502
7		0.00		-4.40		6.233e-02		-45.788		1.630e-02		16.215
7		0.00		-4.80		6.386e-02		-47.091		1.482e-02		14.343
7		0.00		-5.20		6.255e-02		-41.962		1.571e-02		16.836
7		0.00		-5.60		6.295e-02		-42.079		1.451e-02		18.892
7		0.00		-6.00		6.153e-02		-39.532		1.499e-02		20.728
7		0.00		-6.40		6.673e-02		-38.472		1.618e-02		16.759
7		0.00		-6.80		6.912e-02		-40.449		1.599e-02		16.724
7		0.00		-7.20		6.794e-02		-38.535		1.703e-02		17.842
7		0.00		-7.60		6.476e-02		-41.084		1.596e-02		21.701
7		0.00		-8.00		6.813e-02		-37.841		1.715e-02		19.808
7		0.00		-8.40		6.750e-02		-39.732		1.630e-02		18.280
7		0.00		-8.80		6.661e-02		-37.186		1.787e-02		20.594
7		0.00		-9.20		6.182e-02		-36.522		1.590e-02		18.695
7		0.00		-9.60		6.057e-02		-41.355		1.656e-02		13.112
7		0.00		-10.00		5.679e-02		-42.384		1.521e-02		9.323
7		0.00		-9.60		5.822e-02		-40.847		1.687e-02		14.872
7		0.00		-9.20		6.192e-02		-41.592		1.860e-02		15.031
7		0.00		-8.80		6.245e-02		-41.066		1.747e-02		16.851
7		0.00		-8.40		6.283e-02		-42.626		1.728e-02		19.594
7		0.00		-8.00		6.457e-02		-40.814		1.885e-02		16.837
7		0.00		-7.60		6.278e-02		-45.798		1.780e-02		14.875
7		0.00		-7.20		6.199e-02		-43.464		1.739e-02		16.327
7		0.00		-6.80		6.162e-02		-46.037		1.817e-02		16.358
7		0.00		-6.40		6.074e-02		-48.601		1.691e-02		13.582
7		0.00		-6.00		5.943e-02		-47.485		1.629e-02		15.010
7		0.00		-5.60		5.691e-02		-47.064		1.490e-02		12.582
7		0.00		-5.20		5.528e-02		-48.349		1.358e-02		7.371
7		0.00		-4.80		5.200e-02		-49.566		1.153e-02		6.953
7		0.00		-4.40		4.841e-02		-51.560		1.023e-02		7.690
7		0.00		-4.00		4.474e-02		-51.359		8.683e-03		5.643
7		0.00		-3.60		4.042e-02		-52.377		7.665e-03		6.209
7		0.00		-3.20		3.563e-02		-49.868		6.411e-03		5.887
7		0.00		-2.80		3.102e-02		-50.066		5.626e-03		8.084
7		0.00		-2.40		2.674e-02		-51.943		4.383e-03		8.153
7		0.00		-2.00		2.135e-02		-49.048		3.930e-03		10.199
7		0.00		-1.60		1.669e-02		-47.336		3.105e-03		9.937
7		0.00		-1.20		1.149e-02		-45.433		2.196e-03		11.953
7		0.00		-0.80		6.292e-03		-44.845		1.621e-03		19.091
7		0.00		-0.40		2.072e-03		-40.146		9.459e-04		56.338
8		0.00		0.00		3.817e-03		116.925		1.205e-03		23.158
8		0.00		0.40		8.591e-03		127.831		1.987e-03		13.213
8		0.00		0.80		1.345e-02		125.304		3.007e-03		11.697
8		0.00		1.20		1.829e-02		128.398		3.932e-03		9.418
8		0.00		1.60		2.307e-02		128.028		4.864e-03		7.269
8		0.00		2.00		2.740e-02		129.056		5.976e-03		8.769
8		0.00		2.40		3.202e-02		128.730		7.054e-03		8.336
8		0.00		2.80		3.645e-02		127.774		8.031e-03		9.412
8		0.00		3.20		4.036e-02		128.420		9.428e-03		11.311
8		0.00		3.60		4.418e-02		129.440		1.053e-02		11.915
8		0.00		4.00		4.737e-02		130.230		1.119e-02		10.605
8		0.00		4.40		5.117e-02		130.082		1.234e-02		10.958
8		0.00		4.80		5.389e-02		129.977		1.340e-02		13.428
8		0.00		5.20		5.602e-02		131.926		1.471e-02		9.311
8		0.00		5.60		5.724e-02		129.509		1.622e-02		18.738
8		0.00		6.00		5.832e-02		132.759		1.657e-02		12.133
8		0.00		6.40		6.009e-02		132.932		1.743e-02		20.361
8		0.00		6.80		5.881e-02		135.529		1.644e-02		17.292
8		0.00		7.20		6.273e-02		136.223		1.787e-02		14.066
8		0.00		7.60		6.316e-02		126.776		2.039e-02		41.305
8		0.00		8.00		6.604e-02		126.638		1.989e-02		35.857
8		0.00		8.40		6.710e-02		126.535		1.946e-02		43.623
8		0.00		8.80		6.426e-02		118.110		2.143e-02		47.955
8		0.00		9.20		6.530e-02		119.100		1.842e-02		59.138
8		0.00		9.60		6.485e-02		125.963		1.677e-02		45.209
8		0.00		10.00		6.265e-02		123.540		1.639e-02		45.989
8		0.00		9.60		6.592e-02		124.869		1.751e-02		33.300
8		0.00		9.20		6.457e-02		126.576		1.692e-02		36.692
8		0.00		8.80		6.559e-02		131.614		1.542e-02		24.977
8		0.00		8.40		6.246e-02		133.276		1.430e-02		25.529
8		0.00		8.00		6.221e-02		135.719		1.398e-02		11.138
8		0.00		7.60		5.953e-02		133.000		1.243e-02		6.903
8		0.00		7.20		5.714e-02		131.823		1.372e-02		7.744
8		0.00		6.80		5.330e-02		130.448		1.309e-02		6.891
8		0.00		6.40		4.930e-02		129.913		1.305e-02		7.424
8		0.00		6.00		4.476e-02		129.731		1.185e-02		10.204
8		0.00		5.60		4.021e-02		128.961		1.115e-02		10.835
8		0.00		5.20		3.564e-02		129.669		9.636e-03		13.405
8		0.00		4.80		3.075e-02		129.020		8.446e-03		14.136
8		0.00		4.40		2.579e-02		131.591		7.207e-03		14.653
8		0.00		4.00		2.121e-02		132.187		5.882e-03		13.512
8		0.00		3.60		1.626e-02		130.118		4.201e-03		16.915
8		0.00		3.20		1.088e-02		131.102		2.905e-03		17.517
8		0.00		2.80		5.809e-03		134.938		1.605e-03		21.200
8		0.00		2.40		1.870e-03		-19.038		7.795e-04		68.743
8		0.00		2.00		6.187e-03		-64.838		1.428e-03		17.082
8		0.00		1.60		1.184e-02		-54.772		2.180e-03		13.768
8		0.00		1.20		1.766e-02		-52.553		2.765e-03		9.776
8		0.00		0.80		2.295e-02		-52.002		3.770e-03		8.687
8		0.00		0.40		2.923e-02		-50.172		4.327e-03		7.523
8		0.00		0.00		3.489e-02		-51.435		5.438e-03		6.546
8		0.00		-0.40		3.971e-02		-52.238		7.272e-03		6.271
8		0.00		-0.80		4.436e-02		-54.163		9.513e-03		6.236
8		0.00		-1.20		4.805e-02		-53.756		1.098e-02		5.871
8		0.00		-1.60		5.285e-02		-54.783		1.366e-02		8.840
8		0.00		-2.00		5.557e-02		-54.301		1.431e-02		10.137
8		0.00		-2.40		5.715e-02		-51.588		1.507e-02		8.772
8		0.00		-2.80		5.962e-02		-49.625		1.682e-02		13.580
8		0.00		-3.20		6.025e-02		-48.765		1.695e-02		19.014
8		0.00		-3.60		5.942e-02		-49.045		1.555e-02		11.661
8		0.00		-4.00		6.195e-02		-48.223		1.494e-02		15.125
8		0.00		-4.40		6.547e-02		-44.579		1.448e-02		13.756
8		0.00		-4.80		6.359e-02		-42.962		1.540e-02		18.016
8		0.00		-5.20		6.651e-02		-44.187		1.463e-02		14.596
8		0.00		-5.60		6.739e-02		-37.390		1.581e-02		15.661
8		0.00		-6.00		6.580e-02		-37.656		1.315e-02		16.819
8		0.00		-6.40		6.669e-02		-43.779		1.719e-02		20.976
8		0.00		-6.80		6.821e-02		-38.972		1.695e-02		17.471
8		0.00		-7.20		6.761e-02		-36.335		1.628e-02		18.388
8		0.00		-7.60		6.719e-02		-38.802		1.895e-02		19.219
8		0.00		-8.00		6.587e-02		-40.307		1.820e-02		21.353
8		0.00		-8.40		6.286e-02		-39.207		1.996e-02		22.160
8		0.00		-8.80		6.169e-02		-35.322		1.962e-02		19.974
8		0.00		-9.20		6.252e-02		-41.864		2.075e-02		27.019
8		0.00		-9.60		5.801e-02		-42.066		1.883e-02		24.063
8		0.00		-10.00		5.308e-02		-36.499		1.762e-02		27.438
8		0.00		-9.60		5.704e-02		-39.932		1.889e-02		17.546
8		0.00		-9.20		5.948e-02		-37.439		1.991e-02		24.076
8		0.00		-8.80		5.957e-02		-38.736		1.770e-02		20.238
8		0.00		-8.40		6.193e-02		-40.668		1.835e-02		20.932
8		0.00		-8.00		6.531e-02		-41.798		1.651e-02		15.257
8		0.00		-7.60		6.584e-02		-40.610		1.777e-02		15.871
8		0.00		-7.20		6.369e-02		-39.592		1.571e-02		11.196
8		0.00		-6.80		6.343e-02		-41.355		1.611e-02		12.092
8		0.00		-6.40		6.260e-02		-43.623		1.281e-02		8.763
8		0.00		-6.00		6.066e-02		-46.316		1.236e-02		9.379
8		0.00		-5.60		5.877e-02		-48.549		1.126e-02		8.379
8		0.00		-5.20		5.619e-02		-49.738		9.455e-03		6.266
8		0.00		-4.80		5.242e-02		-49.873		8.765e-03		4.899
8		0.00		-4.40		4.774e-02		-50.333		7.717e-03		5.004
8		0.00		-4.00		4.327e-02		-52.088		7.354e-03		5.088
8		0.00		-3.60		3.921e-02		-51.062		6.946e-03		5.226
8		0.00		-3.20		3.428e-02		-51.248		6.484e-03		6.079
8		0.00		-2.80		2.957e-02		-50.724		6.085e-03		7.804
8		0.00		-2.40		2.474e-02		-52.137		5.154e-03		8.616
8		0.00		-2.00		1.981e-02		-49.328		4.426e-03		9.479
8		0.00		-1.60		1.493e-02		-47.712		3.439e-03		11.860
8		0.00		-1.20		9.865e-03		-46.393		2.472e-03		14.880
8		0.00		-0.80		5.204e-03		-38.112		1.481e-03		23.540
8		0.00		-0.40		1.881e-03		15.017		6.204e-04		72.494
