# Date of analysis: 2023-11-20 16;19
# 
# Loop index	Read Volt (V)	Write Volt (V)	Amplitude (a.u)	Phase (deg)	Sigma Amp (a.u)	Sigma Pha (deg)	
1		0.00		0.00		1.908e-03		33.917		7.887e-04		40.188
1		0.00		0.40		2.760e-03		-35.095		1.047e-03		47.957
1		0.00		0.80		3.199e-03		89.418		1.297e-03		57.069
1		0.00		1.20		7.009e-03		127.494		2.136e-03		17.682
1		0.00		1.60		1.100e-02		124.718		3.117e-03		13.775
1		0.00		2.00		1.565e-02		127.207		4.124e-03		13.679
1		0.00		2.40		1.931e-02		127.382		4.885e-03		14.176
1		0.00		2.80		2.263e-02		128.806		6.024e-03		13.636
1		0.00		3.20		2.637e-02		129.582		6.948e-03		13.521
1		0.00		3.60		2.929e-02		128.126		7.674e-03		15.743
1		0.00		4.00		3.244e-02		128.477		9.215e-03		18.771
1		0.00		4.40		3.577e-02		127.179		9.696e-03		20.395
1		0.00		4.80		3.804e-02		127.334		1.083e-02		23.880
1		0.00		5.20		4.103e-02		126.956		1.189e-02		26.750
1		0.00		5.60		4.379e-02		127.281		1.271e-02		27.293
1		0.00		6.00		4.551e-02		128.287		1.325e-02		24.442
1		0.00		6.40		4.879e-02		128.769		1.438e-02		22.396
1		0.00		6.80		5.039e-02		130.931		1.490e-02		15.127
1		0.00		7.20		5.305e-02		131.587		1.482e-02		11.332
1		0.00		7.60		5.617e-02		130.970		1.560e-02		10.590
1		0.00		8.00		5.614e-02		131.809		1.596e-02		9.665
1		0.00		8.40		5.813e-02		129.312		1.674e-02		15.129
1		0.00		8.80		6.018e-02		129.427		1.696e-02		11.935
1		0.00		9.20		5.923e-02		126.236		1.831e-02		17.836
1		0.00		9.60		5.582e-02		122.436		1.673e-02		28.640
1		0.00		10.00		5.638e-02		125.710		1.722e-02		21.367
1		0.00		9.60		5.761e-02		128.692		1.653e-02		16.317
1		0.00		9.20		5.646e-02		129.572		1.653e-02		17.069
1		0.00		8.80		5.432e-02		132.037		1.519e-02		15.658
1		0.00		8.40		5.299e-02		129.011		1.559e-02		19.417
1		0.00		8.00		5.037e-02		128.905		1.433e-02		23.924
1		0.00		7.60		4.887e-02		128.881		1.340e-02		25.780
1		0.00		7.20		4.718e-02		128.766		1.255e-02		23.339
1		0.00		6.80		4.502e-02		129.069		1.190e-02		22.578
1		0.00		6.40		4.192e-02		129.033		1.143e-02		24.974
1		0.00		6.00		3.882e-02		129.691		1.004e-02		16.835
1		0.00		5.60		3.570e-02		131.362		9.109e-03		11.931
1		0.00		5.20		3.249e-02		133.404		8.193e-03		9.899
1		0.00		4.80		2.881e-02		132.811		6.814e-03		9.885
1		0.00		4.40		2.485e-02		131.337		5.780e-03		11.444
1		0.00		4.00		2.120e-02		133.990		4.708e-03		11.670
1		0.00		3.60		1.711e-02		132.193		3.554e-03		11.235
1		0.00		3.20		1.330e-02		129.951		2.709e-03		13.280
1		0.00		2.80		8.910e-03		129.734		1.966e-03		14.786
1		0.00		2.40		4.874e-03		123.870		1.295e-03		23.924
1		0.00		2.00		1.782e-03		19.771		7.247e-04		67.540
1		0.00		1.60		5.006e-03		-48.049		1.486e-03		29.355
1		0.00		1.20		9.461e-03		-49.707		2.360e-03		16.600
1		0.00		0.80		1.373e-02		-52.043		3.212e-03		14.210
1		0.00		0.40		1.840e-02		-48.621		4.282e-03		12.502
1		0.00		0.00		2.244e-02		-49.854		5.215e-03		14.736
1		0.00		-0.40		2.693e-02		-49.633		6.090e-03		13.058
1		0.00		-0.80		3.132e-02		-50.332		7.541e-03		12.683
1		0.00		-1.20		3.506e-02		-50.447		8.476e-03		10.321
1		0.00		-1.60		3.937e-02		-51.410		9.719e-03		9.856
1		0.00		-2.00		4.368e-02		-52.260		1.087e-02		8.692
1		0.00		-2.40		4.790e-02		-52.376		1.114e-02		8.500
1		0.00		-2.80		5.214e-02		-53.219		1.176e-02		8.703
1		0.00		-3.20		5.596e-02		-53.448		1.255e-02		8.281
1		0.00		-3.60		5.778e-02		-52.917		1.311e-02		10.950
1		0.00		-4.00		5.791e-02		-55.583		1.526e-02		15.301
1		0.00		-4.40		5.683e-02		-58.727		1.674e-02		18.060
1		0.00		-4.80		6.024e-02		-54.228		1.733e-02		17.368
1		0.00		-5.20		5.852e-02		-48.228		1.603e-02		18.737
1		0.00		-5.60		6.168e-02		-49.193		1.848e-02		18.731
1		0.00		-6.00		6.348e-02		-44.840		1.986e-02		15.489
1		0.00		-6.40		6.300e-02		-47.876		2.097e-02		19.483
1		0.00		-6.80		6.436e-02		-46.366		2.038e-02		20.361
1		0.00		-7.20		6.587e-02		-45.847		2.254e-02		22.195
1		0.00		-7.60		6.680e-02		-44.787		1.983e-02		23.570
1		0.00		-8.00		6.586e-02		-41.252		2.033e-02		23.941
1		0.00		-8.40		6.633e-02		-40.807		1.939e-02		25.950
1		0.00		-8.80		6.636e-02		-41.585		1.990e-02		23.553
1		0.00		-9.20		6.078e-02		-43.814		1.949e-02		19.996
1		0.00		-9.60		5.864e-02		-47.775		1.819e-02		15.809
1		0.00		-10.00		5.345e-02		-46.800		1.542e-02		8.143
1		0.00		-9.60		5.909e-02		-45.325		1.665e-02		8.892
1		0.00		-9.20		6.244e-02		-43.507		1.648e-02		10.490
1		0.00		-8.80		6.433e-02		-45.398		1.649e-02		10.594
1		0.00		-8.40		6.491e-02		-46.164		1.690e-02		13.291
1		0.00		-8.00		6.389e-02		-46.580		1.628e-02		14.579
1		0.00		-7.60		6.171e-02		-47.828		1.623e-02		17.623
1		0.00		-7.20		5.924e-02		-49.413		1.644e-02		17.975
1		0.00		-6.80		5.759e-02		-51.349		1.481e-02		13.661
1		0.00		-6.40		5.178e-02		-51.076		1.383e-02		17.829
1		0.00		-6.00		5.150e-02		-51.213		1.283e-02		15.310
1		0.00		-5.60		4.975e-02		-49.730		1.188e-02		12.945
1		0.00		-5.20		4.642e-02		-50.868		1.061e-02		11.469
1		0.00		-4.80		4.330e-02		-51.315		1.059e-02		13.474
1		0.00		-4.40		3.882e-02		-52.998		9.591e-03		14.085
1		0.00		-4.00		3.560e-02		-51.506		8.448e-03		14.270
1		0.00		-3.60		3.181e-02		-51.303		7.526e-03		12.759
1		0.00		-3.20		2.730e-02		-51.101		6.479e-03		14.692
1		0.00		-2.80		2.371e-02		-48.908		5.744e-03		14.310
1		0.00		-2.40		1.986e-02		-44.357		4.870e-03		15.502
1		0.00		-2.00		1.537e-02		-46.920		3.689e-03		12.114
1		0.00		-1.60		1.098e-02		-43.329		2.729e-03		15.647
1		0.00		-1.20		6.940e-03		-38.036		1.761e-03		17.492
1		0.00		-0.80		2.861e-03		-25.808		1.177e-03		39.388
1		0.00		-0.40		2.528e-03		71.488		1.061e-03		65.078
2		0.00		0.00		6.274e-03		119.048		2.134e-03		27.755
2		0.00		0.40		1.029e-02		123.850		3.045e-03		16.160
2		0.00		0.80		1.399e-02		126.206		3.806e-03		13.313
2		0.00		1.20		1.766e-02		125.602		4.529e-03		11.737
2		0.00		1.60		2.133e-02		126.779		5.796e-03		14.293
2		0.00		2.00		2.472e-02		127.433		6.603e-03		12.924
2		0.00		2.40		2.771e-02		127.048		7.871e-03		16.114
2		0.00		2.80		3.045e-02		126.912		8.864e-03		15.959
2		0.00		3.20		3.346e-02		126.972		9.647e-03		18.511
2		0.00		3.60		3.584e-02		128.304		1.063e-02		21.268
2		0.00		4.00		3.931e-02		129.149		1.105e-02		18.842
2		0.00		4.40		4.245e-02		130.839		1.206e-02		15.041
2		0.00		4.80		4.557e-02		131.390		1.241e-02		9.445
2		0.00		5.20		4.855e-02		130.575		1.284e-02		9.960
2		0.00		5.60		4.982e-02		130.188		1.217e-02		11.382
2		0.00		6.00		5.266e-02		130.244		1.263e-02		12.142
2		0.00		6.40		5.348e-02		125.892		1.358e-02		30.535
2		0.00		6.80		5.449e-02		131.932		1.430e-02		16.183
2		0.00		7.20		5.475e-02		133.961		1.271e-02		14.806
2		0.00		7.60		5.434e-02		128.461		1.699e-02		19.546
2		0.00		8.00		5.596e-02		125.861		1.770e-02		32.000
2		0.00		8.40		5.716e-02		127.138		1.957e-02		23.317
2		0.00		8.80		5.828e-02		125.670		2.134e-02		25.708
2		0.00		9.20		5.993e-02		117.748		2.220e-02		36.345
2		0.00		9.60		6.028e-02		123.600		2.160e-02		28.981
2		0.00		10.00		5.751e-02		128.900		2.036e-02		28.520
2		0.00		9.60		5.714e-02		122.444		2.185e-02		35.289
2		0.00		9.20		5.860e-02		129.296		1.809e-02		18.608
2		0.00		8.80		5.824e-02		129.591		1.670e-02		13.784
2		0.00		8.40		5.787e-02		132.967		1.390e-02		10.975
2		0.00		8.00		5.485e-02		131.880		1.316e-02		13.427
2		0.00		7.60		5.101e-02		133.552		1.217e-02		13.024
2		0.00		7.20		4.989e-02		131.083		1.176e-02		10.537
2		0.00		6.80		4.664e-02		130.576		1.062e-02		11.123
2		0.00		6.40		4.342e-02		130.301		1.082e-02		12.181
2		0.00		6.00		4.102e-02		130.758		1.003e-02		10.826
2		0.00		5.60		3.819e-02		129.871		9.650e-03		13.079
2		0.00		5.20		3.454e-02		131.375		9.048e-03		17.241
2		0.00		4.80		3.195e-02		130.427		8.094e-03		17.505
2		0.00		4.40		2.788e-02		129.896		7.921e-03		23.582
2		0.00		4.00		2.342e-02		129.587		6.951e-03		21.716
2		0.00		3.60		1.983e-02		129.406		6.008e-03		21.526
2		0.00		3.20		1.595e-02		131.422		4.322e-03		12.747
2		0.00		2.80		1.229e-02		131.109		2.952e-03		11.109
2		0.00		2.40		8.078e-03		131.309		1.737e-03		16.736
2		0.00		2.00		4.270e-03		124.660		1.277e-03		21.903
2		0.00		1.60		1.795e-03		-6.728		7.183e-04		65.221
2		0.00		1.20		5.411e-03		-57.776		1.551e-03		18.090
2		0.00		0.80		9.878e-03		-52.614		2.558e-03		13.191
2		0.00		0.40		1.456e-02		-55.277		3.138e-03		11.662
2		0.00		0.00		1.955e-02		-49.312		4.046e-03		10.043
2		0.00		-0.40		2.467e-02		-48.939		4.748e-03		9.024
2		0.00		-0.80		2.849e-02		-49.779		5.564e-03		9.918
2		0.00		-1.20		3.258e-02		-51.065		6.695e-03		11.048
2		0.00		-1.60		3.649e-02		-51.301		7.870e-03		12.400
2		0.00		-2.00		4.045e-02		-52.013		9.258e-03		12.489
2		0.00		-2.40		4.444e-02		-51.989		1.029e-02		11.947
2		0.00		-2.80		4.725e-02		-51.887		1.198e-02		10.574
2		0.00		-3.20		4.992e-02		-51.789		1.243e-02		10.640
2		0.00		-3.60		5.164e-02		-53.105		1.430e-02		10.912
2		0.00		-4.00		5.499e-02		-53.690		1.574e-02		11.670
2		0.00		-4.40		5.798e-02		-51.988		1.443e-02		10.114
2		0.00		-4.80		6.117e-02		-51.723		1.550e-02		10.358
2		0.00		-5.20		6.276e-02		-49.190		1.517e-02		11.258
2		0.00		-5.60		6.058e-02		-49.602		1.633e-02		20.523
2		0.00		-6.00		6.328e-02		-46.616		1.768e-02		20.863
2		0.00		-6.40		6.296e-02		-44.093		1.720e-02		22.231
2		0.00		-6.80		6.292e-02		-42.010		1.648e-02		20.529
2		0.00		-7.20		6.889e-02		-47.472		1.967e-02		21.942
2		0.00		-7.60		6.638e-02		-53.132		1.953e-02		23.872
2		0.00		-8.00		6.630e-02		-46.147		1.926e-02		23.769
2		0.00		-8.40		6.608e-02		-47.889		1.911e-02		21.385
2		0.00		-8.80		6.604e-02		-47.133		1.708e-02		16.070
2		0.00		-9.20		6.243e-02		-41.401		1.831e-02		19.150
2		0.00		-9.60		5.748e-02		-43.481		1.643e-02		17.882
2		0.00		-10.00		5.141e-02		-44.957		1.550e-02		19.612
2		0.00		-9.60		5.527e-02		-43.887		1.729e-02		25.370
2		0.00		-9.20		5.996e-02		-42.374		1.728e-02		21.135
2		0.00		-8.80		6.295e-02		-44.239		1.883e-02		20.013
2		0.00		-8.40		6.299e-02		-46.570		1.978e-02		22.308
2		0.00		-8.00		6.195e-02		-45.873		1.905e-02		23.059
2		0.00		-7.60		6.061e-02		-45.982		1.867e-02		16.117
2		0.00		-7.20		5.909e-02		-45.221		1.781e-02		16.112
2		0.00		-6.80		5.770e-02		-46.937		1.664e-02		11.512
2		0.00		-6.40		5.640e-02		-49.653		1.624e-02		11.450
2		0.00		-6.00		5.384e-02		-49.150		1.401e-02		9.190
2		0.00		-5.60		5.100e-02		-49.866		1.226e-02		8.163
2		0.00		-5.20		4.843e-02		-50.303		1.110e-02		7.394
2		0.00		-4.80		4.474e-02		-51.078		8.973e-03		6.617
2		0.00		-4.40		4.120e-02		-51.787		7.328e-03		8.097
2		0.00		-4.00		3.644e-02		-52.254		6.389e-03		8.773
2		0.00		-3.60		3.293e-02		-51.062		5.621e-03		9.350
2		0.00		-3.20		2.872e-02		-50.633		5.251e-03		10.061
2		0.00		-2.80		2.446e-02		-50.972		4.137e-03		10.430
2		0.00		-2.40		1.988e-02		-50.111		3.084e-03		10.736
2		0.00		-2.00		1.549e-02		-46.413		2.542e-03		11.504
2		0.00		-1.60		1.086e-02		-47.007		2.042e-03		13.288
2		0.00		-1.20		6.587e-03		-41.259		1.507e-03		14.632
2		0.00		-0.80		2.468e-03		-47.275		9.491e-04		37.308
2		0.00		-0.40		3.618e-03		108.022		1.486e-03		37.397
3		0.00		0.00		7.502e-03		123.551		2.185e-03		20.735
3		0.00		0.40		1.146e-02		124.005		2.909e-03		18.731
3		0.00		0.80		1.549e-02		128.288		3.821e-03		16.143
3		0.00		1.20		1.955e-02		127.079		4.797e-03		13.174
3		0.00		1.60		2.300e-02		128.271		5.792e-03		12.528
3		0.00		2.00		2.696e-02		130.095		6.882e-03		11.383
3		0.00		2.40		3.041e-02		130.581		8.197e-03		11.293
3		0.00		2.80		3.287e-02		130.347		9.229e-03		12.013
3		0.00		3.20		3.629e-02		130.466		9.527e-03		10.907
3		0.00		3.60		3.938e-02		132.130		1.012e-02		8.875
3		0.00		4.00		4.185e-02		130.706		1.092e-02		9.504
3		0.00		4.40		4.445e-02		132.062		1.194e-02		9.075
3		0.00		4.80		4.738e-02		130.826		1.218e-02		10.300
3		0.00		5.20		4.930e-02		132.173		1.209e-02		8.095
3		0.00		5.60		5.165e-02		131.641		1.233e-02		10.156
3		0.00		6.00		5.449e-02		131.256		1.292e-02		9.232
3		0.00		6.40		5.579e-02		132.394		1.224e-02		8.903
3		0.00		6.80		5.687e-02		131.656		1.353e-02		10.767
3		0.00		7.20		5.902e-02		128.511		1.660e-02		14.907
3		0.00		7.60		5.696e-02		131.212		1.338e-02		12.315
3		0.00		8.00		5.641e-02		131.589		1.469e-02		23.316
3		0.00		8.40		5.672e-02		126.935		1.587e-02		21.495
3		0.00		8.80		5.814e-02		126.806		1.484e-02		17.875
3		0.00		9.20		5.775e-02		125.635		1.772e-02		21.572
3		0.00		9.60		5.759e-02		125.802		1.555e-02		20.414
3		0.00		10.00		5.714e-02		129.524		1.928e-02		19.133
3		0.00		9.60		5.826e-02		127.681		1.771e-02		16.801
3		0.00		9.20		6.019e-02		128.058		1.828e-02		17.784
3		0.00		8.80		5.701e-02		128.028		1.736e-02		20.440
3		0.00		8.40		5.482e-02		129.052		1.591e-02		18.217
3		0.00		8.00		5.211e-02		129.359		1.492e-02		18.178
3		0.00		7.60		5.108e-02		130.277		1.318e-02		14.691
3		0.00		7.20		4.851e-02		132.240		1.195e-02		13.553
3		0.00		6.80		4.681e-02		130.290		1.172e-02		14.044
3		0.00		6.40		4.396e-02		130.196		1.125e-02		13.506
3		0.00		6.00		4.152e-02		130.714		1.068e-02		14.505
3		0.00		5.60		3.841e-02		130.092		9.736e-03		16.082
3		0.00		5.20		3.506e-02		129.806		8.440e-03		16.706
3		0.00		4.80		3.087e-02		130.125		8.022e-03		16.142
3		0.00		4.40		2.766e-02		129.391		7.213e-03		15.272
3		0.00		4.00		2.393e-02		131.072		6.003e-03		15.288
3		0.00		3.60		2.027e-02		128.981		5.121e-03		17.175
3		0.00		3.20		1.641e-02		130.076		4.318e-03		17.114
3		0.00		2.80		1.219e-02		132.851		3.182e-03		14.959
3		0.00		2.40		7.846e-03		126.487		2.103e-03		22.412
3		0.00		2.00		3.975e-03		122.318		1.382e-03		36.811
3		0.00		1.60		1.881e-03		-24.685		8.278e-04		67.306
3		0.00		1.20		5.109e-03		-55.924		1.888e-03		22.963
3		0.00		0.80		9.535e-03		-47.701		2.603e-03		13.372
3		0.00		0.40		1.410e-02		-48.470		3.679e-03		11.086
3		0.00		0.00		1.819e-02		-48.961		4.656e-03		10.203
3		0.00		-0.40		2.252e-02		-48.493		5.566e-03		9.342
3		0.00		-0.80		2.647e-02		-50.383		6.307e-03		9.805
3		0.00		-1.20		3.080e-02		-51.058		7.080e-03		9.238
3		0.00		-1.60		3.509e-02		-51.063		7.978e-03		9.711
3		0.00		-2.00		3.900e-02		-50.335		9.006e-03		8.261
3		0.00		-2.40		4.316e-02		-52.347		9.641e-03		8.978
3		0.00		-2.80		4.657e-02		-51.948		1.069e-02		8.835
3		0.00		-3.20		5.031e-02		-54.031		1.253e-02		9.796
3		0.00		-3.60		5.259e-02		-54.112		1.319e-02		10.010
3		0.00		-4.00		5.546e-02		-53.947		1.376e-02		11.661
3		0.00		-4.40		5.641e-02		-56.685		1.532e-02		14.894
3		0.00		-4.80		5.825e-02		-52.524		1.491e-02		13.419
3		0.00		-5.20		6.080e-02		-46.590		1.565e-02		11.723
3		0.00		-5.60		5.915e-02		-52.584		1.720e-02		16.969
3		0.00		-6.00		6.150e-02		-48.836		1.558e-02		13.515
3		0.00		-6.40		6.445e-02		-49.569		1.597e-02		14.264
3		0.00		-6.80		6.440e-02		-48.140		1.585e-02		17.796
3		0.00		-7.20		6.739e-02		-46.662		1.608e-02		15.026
3		0.00		-7.60		6.853e-02		-51.403		1.967e-02		19.192
3		0.00		-8.00		6.632e-02		-49.817		1.854e-02		22.089
3		0.00		-8.40		6.611e-02		-51.503		1.938e-02		22.007
3		0.00		-8.80		6.371e-02		-42.985		1.777e-02		17.820
3		0.00		-9.20		6.209e-02		-43.282		1.785e-02		17.400
3		0.00		-9.60		5.673e-02		-42.097		1.624e-02		13.361
3		0.00		-10.00		4.992e-02		-45.862		1.412e-02		15.640
3		0.00		-9.60		5.674e-02		-47.488		1.779e-02		14.117
3		0.00		-9.20		5.916e-02		-46.653		1.987e-02		19.619
3		0.00		-8.80		6.188e-02		-47.639		1.856e-02		19.261
3		0.00		-8.40		6.185e-02		-43.692		1.815e-02		14.979
3		0.00		-8.00		6.296e-02		-44.981		1.775e-02		13.052
3		0.00		-7.60		6.060e-02		-44.907		1.733e-02		13.148
3		0.00		-7.20		5.922e-02		-48.098		1.680e-02		14.575
3		0.00		-6.80		5.774e-02		-46.067		1.704e-02		14.039
3		0.00		-6.40		5.671e-02		-47.352		1.669e-02		12.537
3		0.00		-6.00		5.327e-02		-48.936		1.561e-02		12.994
3		0.00		-5.60		5.011e-02		-47.956		1.357e-02		10.543
3		0.00		-5.20		4.714e-02		-49.338		1.228e-02		9.481
3		0.00		-4.80		4.435e-02		-48.818		1.120e-02		9.859
3		0.00		-4.40		3.954e-02		-49.858		9.718e-03		10.265
3		0.00		-4.00		3.592e-02		-50.158		8.135e-03		8.082
3		0.00		-3.60		3.186e-02		-51.332		6.957e-03		9.712
3		0.00		-3.20		2.740e-02		-48.973		5.434e-03		9.198
3		0.00		-2.80		2.384e-02		-49.653		4.455e-03		8.898
3		0.00		-2.40		1.958e-02		-48.154		3.503e-03		8.333
3		0.00		-2.00		1.554e-02		-49.529		2.586e-03		10.241
3		0.00		-1.60		1.065e-02		-41.420		2.116e-03		11.808
3		0.00		-1.20		6.837e-03		-44.859		1.544e-03		15.552
3		0.00		-0.80		2.344e-03		-39.682		9.322e-04		40.200
3		0.00		-0.40		2.792e-03		81.021		1.209e-03		59.354
4		0.00		0.00		6.456e-03		122.622		1.959e-03		20.054
4		0.00		0.40		1.089e-02		124.208		2.842e-03		13.495
4		0.00		0.80		1.460e-02		127.301		3.497e-03		11.223
4		0.00		1.20		1.888e-02		126.656		4.491e-03		9.995
4		0.00		1.60		2.273e-02		127.696		5.283e-03		9.702
4		0.00		2.00		2.640e-02		128.789		6.061e-03		9.310
4		0.00		2.40		2.988e-02		129.695		6.352e-03		10.142
4		0.00		2.80		3.319e-02		131.067		6.802e-03		9.798
4		0.00		3.20		3.649e-02		130.493		7.617e-03		9.162
4		0.00		3.60		3.826e-02		131.137		8.593e-03		10.860
4		0.00		4.00		4.076e-02		131.722		9.243e-03		12.253
4		0.00		4.40		4.387e-02		130.947		1.033e-02		12.862
4		0.00		4.80		4.609e-02		130.426		1.132e-02		14.813
4		0.00		5.20		4.735e-02		129.616		1.256e-02		17.798
4		0.00		5.60		4.985e-02		127.793		1.372e-02		21.351
4		0.00		6.00		5.233e-02		128.548		1.468e-02		20.354
4		0.00		6.40		5.384e-02		128.529		1.618e-02		18.179
4		0.00		6.80		5.477e-02		126.584		1.764e-02		23.874
4		0.00		7.20		5.653e-02		124.568		1.865e-02		28.577
4		0.00		7.60		5.824e-02		131.429		1.898e-02		14.668
4		0.00		8.00		5.826e-02		131.525		1.854e-02		13.535
4		0.00		8.40		6.106e-02		131.016		1.830e-02		12.020
4		0.00		8.80		6.310e-02		130.755		1.804e-02		11.593
4		0.00		9.20		6.330e-02		125.495		1.765e-02		35.580
4		0.00		9.60		6.356e-02		125.902		1.819e-02		17.791
4		0.00		10.00		6.324e-02		131.014		1.788e-02		11.517
4		0.00		9.60		5.894e-02		125.282		1.616e-02		20.406
4		0.00		9.20		6.034e-02		128.107		1.632e-02		16.228
4		0.00		8.80		5.849e-02		130.245		1.573e-02		19.262
4		0.00		8.40		5.610e-02		128.996		1.639e-02		16.330
4		0.00		8.00		5.544e-02		133.359		1.383e-02		9.962
4		0.00		7.60		5.227e-02		130.115		1.420e-02		17.968
4		0.00		7.20		5.133e-02		130.796		1.366e-02		13.476
4		0.00		6.80		4.824e-02		129.248		1.266e-02		19.047
4		0.00		6.40		4.518e-02		129.241		1.192e-02		20.337
4		0.00		6.00		4.222e-02		128.101		1.164e-02		21.998
4		0.00		5.60		3.874e-02		128.643		1.125e-02		20.940
4		0.00		5.20		3.589e-02		132.256		1.053e-02		12.891
4		0.00		4.80		3.202e-02		133.204		9.035e-03		9.671
4		0.00		4.40		2.838e-02		132.933		7.473e-03		8.872
4		0.00		4.00		2.532e-02		129.986		6.170e-03		9.325
4		0.00		3.60		2.140e-02		132.340		4.922e-03		9.666
4		0.00		3.20		1.741e-02		132.355		3.686e-03		11.365
4		0.00		2.80		1.391e-02		132.719		2.814e-03		11.053
4		0.00		2.40		8.924e-03		132.991		1.987e-03		13.038
4		0.00		2.00		4.820e-03		129.213		1.192e-03		21.324
4		0.00		1.60		1.720e-03		29.998		6.689e-04		73.556
4		0.00		1.20		4.663e-03		-55.347		1.303e-03		19.744
4		0.00		0.80		9.606e-03		-54.669		2.262e-03		10.838
4		0.00		0.40		1.398e-02		-50.568		2.903e-03		12.327
4		0.00		0.00		1.812e-02		-48.752		3.181e-03		9.603
4		0.00		-0.40		2.242e-02		-48.756		4.285e-03		9.591
4		0.00		-0.80		2.737e-02		-49.860		5.086e-03		10.239
4		0.00		-1.20		3.113e-02		-49.528		6.360e-03		11.253
4		0.00		-1.60		3.493e-02		-50.486		7.348e-03		10.830
4		0.00		-2.00		3.890e-02		-50.688		8.664e-03		11.039
4		0.00		-2.40		4.218e-02		-51.887		1.015e-02		10.773
4		0.00		-2.80		4.571e-02		-52.604		1.206e-02		11.747
4		0.00		-3.20		4.960e-02		-51.277		1.320e-02		12.361
4		0.00		-3.60		5.206e-02		-52.400		1.423e-02		10.624
4		0.00		-4.00		5.452e-02		-52.502		1.533e-02		11.641
4		0.00		-4.40		5.681e-02		-52.203		1.650e-02		11.785
4		0.00		-4.80		5.995e-02		-50.923		1.591e-02		10.913
4		0.00		-5.20		6.250e-02		-50.110		1.560e-02		11.009
4		0.00		-5.60		6.244e-02		-47.043		1.421e-02		13.049
4		0.00		-6.00		6.415e-02		-48.812		1.557e-02		13.823
4		0.00		-6.40		6.671e-02		-45.177		1.566e-02		16.930
4		0.00		-6.80		6.672e-02		-45.017		1.678e-02		17.616
4		0.00		-7.20		6.407e-02		-42.201		1.566e-02		18.520
4		0.00		-7.60		6.668e-02		-45.412		1.655e-02		18.659
4		0.00		-8.00		6.631e-02		-39.312		1.784e-02		19.652
4		0.00		-8.40		6.622e-02		-48.282		2.002e-02		23.694
4		0.00		-8.80		6.811e-02		-41.686		1.838e-02		15.529
4		0.00		-9.20		6.241e-02		-47.698		1.744e-02		17.693
4		0.00		-9.60		5.718e-02		-49.978		1.803e-02		16.076
4		0.00		-10.00		5.014e-02		-45.993		1.520e-02		15.734
4		0.00		-9.60		5.459e-02		-46.819		1.762e-02		17.033
4		0.00		-9.20		5.905e-02		-43.281		1.793e-02		14.822
4		0.00		-8.80		5.952e-02		-50.398		1.855e-02		19.989
4		0.00		-8.40		6.153e-02		-47.943		1.767e-02		17.448
4		0.00		-8.00		6.308e-02		-47.713		1.960e-02		17.129
4		0.00		-7.60		6.249e-02		-50.434		1.973e-02		22.563
4		0.00		-7.20		6.031e-02		-48.481		1.648e-02		15.862
4		0.00		-6.80		5.920e-02		-49.489		1.622e-02		13.854
4		0.00		-6.40		5.630e-02		-47.597		1.436e-02		12.851
4		0.00		-6.00		5.330e-02		-47.332		1.315e-02		11.803
4		0.00		-5.60		5.147e-02		-49.578		1.232e-02		14.685
4		0.00		-5.20		4.800e-02		-48.986		1.119e-02		13.697
4		0.00		-4.80		4.402e-02		-50.837		1.029e-02		13.724
4		0.00		-4.40		3.983e-02		-50.878		9.314e-03		14.364
4		0.00		-4.00		3.576e-02		-50.499		8.162e-03		14.684
4		0.00		-3.60		3.166e-02		-49.166		7.450e-03		11.138
4		0.00		-3.20		2.772e-02		-48.421		6.421e-03		10.976
4		0.00		-2.80		2.408e-02		-48.055		5.372e-03		11.794
4		0.00		-2.40		1.967e-02		-47.655		4.545e-03		12.010
4		0.00		-2.00		1.498e-02		-48.726		3.484e-03		14.649
4		0.00		-1.60		1.117e-02		-44.555		2.707e-03		16.144
4		0.00		-1.20		7.260e-03		-41.498		1.847e-03		17.096
4		0.00		-0.80		2.701e-03		-28.226		1.284e-03		42.806
4		0.00		-0.40		2.633e-03		82.549		1.202e-03		57.595
5		0.00		0.00		6.417e-03		121.973		1.937e-03		18.692
5		0.00		0.40		1.089e-02		124.060		3.017e-03		13.111
5		0.00		0.80		1.514e-02		127.186		3.634e-03		10.951
5		0.00		1.20		1.844e-02		128.416		4.647e-03		11.166
5		0.00		1.60		2.274e-02		129.916		5.458e-03		9.317
5		0.00		2.00		2.630e-02		131.400		6.243e-03		9.384
5		0.00		2.40		2.983e-02		130.651		6.933e-03		9.476
5		0.00		2.80		3.280e-02		130.997		7.901e-03		8.729
5		0.00		3.20		3.614e-02		131.554		8.648e-03		8.849
5		0.00		3.60		3.874e-02		131.387		9.485e-03		8.791
5		0.00		4.00		4.148e-02		131.552		1.024e-02		8.472
5		0.00		4.40		4.448e-02		132.119		1.121e-02		7.449
5		0.00		4.80		4.731e-02		131.678		1.173e-02		7.737
5		0.00		5.20		4.866e-02		132.593		1.292e-02		7.049
5		0.00		5.60		5.027e-02		131.852		1.455e-02		8.995
5		0.00		6.00		5.162e-02		131.882		1.546e-02		8.787
5		0.00		6.40		5.347e-02		132.367		1.625e-02		9.698
5		0.00		6.80		5.506e-02		132.442		1.708e-02		9.955
5		0.00		7.20		5.510e-02		132.333		1.685e-02		10.642
5		0.00		7.60		5.652e-02		129.172		1.748e-02		28.177
5		0.00		8.00		5.810e-02		127.731		1.842e-02		15.419
5		0.00		8.40		5.949e-02		130.324		1.848e-02		14.993
5		0.00		8.80		6.044e-02		128.281		1.878e-02		20.501
5		0.00		9.20		6.122e-02		123.187		1.990e-02		37.477
5		0.00		9.60		6.193e-02		127.576		1.940e-02		21.744
5		0.00		10.00		6.045e-02		128.550		1.925e-02		16.172
5		0.00		9.60		6.162e-02		130.141		1.928e-02		17.620
5		0.00		9.20		6.318e-02		126.611		1.988e-02		24.217
5		0.00		8.80		5.939e-02		126.820		1.805e-02		28.820
5		0.00		8.40		5.940e-02		130.580		1.742e-02		14.699
5		0.00		8.00		5.731e-02		128.582		1.678e-02		20.579
5		0.00		7.60		5.411e-02		132.302		1.600e-02		14.337
5		0.00		7.20		5.194e-02		128.976		1.525e-02		20.029
5		0.00		6.80		4.839e-02		129.811		1.522e-02		18.637
5		0.00		6.40		4.607e-02		129.468		1.395e-02		17.630
5		0.00		6.00		4.270e-02		129.328		1.267e-02		18.508
5		0.00		5.60		4.009e-02		129.641		1.148e-02		20.007
5		0.00		5.20		3.648e-02		129.386		1.082e-02		21.992
5		0.00		4.80		3.314e-02		128.376		9.746e-03		19.991
5		0.00		4.40		2.977e-02		130.100		8.273e-03		16.871
5		0.00		4.00		2.636e-02		129.801		7.274e-03		18.268
5		0.00		3.60		2.331e-02		128.053		6.404e-03		17.961
5		0.00		3.20		1.938e-02		131.717		4.944e-03		20.017
5		0.00		2.80		1.533e-02		129.794		3.868e-03		20.948
5		0.00		2.40		1.084e-02		131.219		2.523e-03		20.509
5		0.00		2.00		6.646e-03		127.069		1.865e-03		25.610
5		0.00		1.60		2.445e-03		62.994		9.672e-04		74.533
5		0.00		1.20		3.215e-03		-42.992		1.259e-03		32.822
5		0.00		0.80		7.135e-03		-47.029		2.091e-03		18.810
5		0.00		0.40		1.103e-02		-47.600		2.592e-03		11.613
5		0.00		0.00		1.569e-02		-50.401		3.470e-03		15.781
5		0.00		-0.40		1.980e-02		-50.097		4.465e-03		14.197
5		0.00		-0.80		2.403e-02		-51.224		5.647e-03		14.778
5		0.00		-1.20		2.800e-02		-51.320		6.961e-03		14.459
5		0.00		-1.60		3.118e-02		-52.729		8.053e-03		13.039
5		0.00		-2.00		3.447e-02		-53.503		9.183e-03		18.650
5		0.00		-2.40		3.788e-02		-53.434		1.041e-02		15.888
5		0.00		-2.80		4.163e-02		-53.733		1.149e-02		15.625
5		0.00		-3.20		4.512e-02		-54.289		1.233e-02		16.281
5		0.00		-3.60		4.764e-02		-54.414		1.333e-02		17.525
5		0.00		-4.00		5.068e-02		-55.158		1.483e-02		17.302
5		0.00		-4.40		5.456e-02		-52.655		1.429e-02		13.368
5		0.00		-4.80		5.738e-02		-51.677		1.505e-02		13.759
5		0.00		-5.20		5.982e-02		-49.453		1.495e-02		13.586
5		0.00		-5.60		6.087e-02		-46.593		1.517e-02		13.209
5		0.00		-6.00		6.423e-02		-44.524		1.637e-02		13.555
5		0.00		-6.40		6.795e-02		-47.902		1.756e-02		16.241
5		0.00		-6.80		6.712e-02		-45.876		1.878e-02		13.184
5		0.00		-7.20		6.791e-02		-44.782		1.837e-02		13.927
5		0.00		-7.60		7.004e-02		-49.013		1.866e-02		16.993
5		0.00		-8.00		7.145e-02		-47.148		2.066e-02		16.477
5		0.00		-8.40		6.725e-02		-46.193		1.846e-02		15.790
5		0.00		-8.80		6.358e-02		-41.473		1.751e-02		12.909
5		0.00		-9.20		6.034e-02		-45.783		1.840e-02		15.794
5		0.00		-9.60		5.489e-02		-47.343		1.596e-02		13.354
5		0.00		-10.00		4.926e-02		-46.396		1.330e-02		12.031
5		0.00		-9.60		5.397e-02		-46.819		1.489e-02		12.928
5		0.00		-9.20		5.998e-02		-45.534		1.723e-02		14.961
5		0.00		-8.80		6.106e-02		-49.278		1.581e-02		15.041
5		0.00		-8.40		6.214e-02		-45.684		1.483e-02		16.093
5		0.00		-8.00		6.254e-02		-46.883		1.429e-02		14.612
5		0.00		-7.60		6.310e-02		-50.342		1.520e-02		15.966
5		0.00		-7.20		6.217e-02		-49.663		1.357e-02		12.387
5		0.00		-6.80		5.957e-02		-48.498		1.256e-02		11.720
5		0.00		-6.40		5.800e-02		-48.595		1.122e-02		7.063
5		0.00		-6.00		5.461e-02		-49.184		1.121e-02		9.000
5		0.00		-5.60		5.190e-02		-49.537		1.022e-02		7.309
5		0.00		-5.20		4.820e-02		-49.734		9.321e-03		6.262
5		0.00		-4.80		4.399e-02		-50.043		8.790e-03		7.661
5		0.00		-4.40		3.967e-02		-50.370		7.882e-03		7.626
5		0.00		-4.00		3.537e-02		-51.083		7.452e-03		7.115
5		0.00		-3.60		3.139e-02		-50.720		6.967e-03		8.252
5		0.00		-3.20		2.692e-02		-50.447		5.724e-03		8.595
5		0.00		-2.80		2.282e-02		-49.646		5.056e-03		9.065
5		0.00		-2.40		1.869e-02		-48.943		4.131e-03		9.129
5		0.00		-2.00		1.464e-02		-46.903		3.299e-03		8.831
5		0.00		-1.60		1.005e-02		-45.299		2.434e-03		13.068
5		0.00		-1.20		5.787e-03		-38.796		1.593e-03		19.491
5		0.00		-0.80		2.365e-03		-37.948		9.036e-04		42.354
5		0.00		-0.40		3.343e-03		98.296		1.218e-03		53.514
6		0.00		0.00		7.369e-03		122.546		2.225e-03		15.298
6		0.00		0.40		1.145e-02		124.493		2.996e-03		14.653
6		0.00		0.80		1.582e-02		127.598		3.798e-03		11.684
6		0.00		1.20		1.939e-02		127.861		4.624e-03		13.008
6		0.00		1.60		2.308e-02		127.681		5.403e-03		17.890
6		0.00		2.00		2.669e-02		130.875		6.222e-03		14.353
6		0.00		2.40		2.951e-02		128.879		7.038e-03		17.362
6		0.00		2.80		3.298e-02		129.069		7.973e-03		17.219
6		0.00		3.20		3.608e-02		130.131		8.813e-03		16.138
6		0.00		3.60		3.811e-02		129.595		1.015e-02		16.295
6		0.00		4.00		4.027e-02		131.107		1.056e-02		15.091
6		0.00		4.40		4.303e-02		129.572		1.175e-02		17.438
6		0.00		4.80		4.517e-02		130.152		1.222e-02		16.960
6		0.00		5.20		4.665e-02		129.358		1.310e-02		16.954
6		0.00		5.60		4.953e-02		129.534		1.373e-02		17.064
6		0.00		6.00		5.161e-02		128.824		1.450e-02		19.460
6		0.00		6.40		5.299e-02		131.196		1.405e-02		15.354
6		0.00		6.80		5.641e-02		127.383		1.637e-02		20.442
6		0.00		7.20		5.611e-02		128.505		1.622e-02		22.770
6		0.00		7.60		5.973e-02		129.120		1.754e-02		19.771
6		0.00		8.00		5.999e-02		133.274		1.671e-02		18.095
6		0.00		8.40		6.189e-02		131.560		1.718e-02		20.799
6		0.00		8.80		6.157e-02		129.413		1.823e-02		26.142
6		0.00		9.20		6.191e-02		126.139		1.750e-02		40.502
6		0.00		9.60		6.372e-02		133.229		1.736e-02		15.971
6		0.00		10.00		5.963e-02		126.041		1.882e-02		27.311
6		0.00		9.60		6.105e-02		125.964		1.885e-02		20.535
6		0.00		9.20		5.846e-02		126.740		1.645e-02		19.744
6		0.00		8.80		5.903e-02		132.808		1.560e-02		12.803
6		0.00		8.40		5.648e-02		133.522		1.457e-02		15.307
6		0.00		8.00		5.264e-02		127.096		1.591e-02		17.571
6		0.00		7.60		5.193e-02		132.530		1.327e-02		11.762
6		0.00		7.20		4.883e-02		130.217		1.225e-02		13.167
6		0.00		6.80		4.801e-02		132.195		1.105e-02		10.659
6		0.00		6.40		4.521e-02		130.717		1.027e-02		10.682
6		0.00		6.00		4.297e-02		130.835		9.264e-03		9.112
6		0.00		5.60		4.102e-02		131.837		8.286e-03		8.442
6		0.00		5.20		3.735e-02		131.725		7.651e-03		9.406
6		0.00		4.80		3.406e-02		132.126		6.667e-03		9.324
6		0.00		4.40		3.033e-02		132.454		6.011e-03		9.408
6		0.00		4.00		2.663e-02		132.535		5.408e-03		8.791
6		0.00		3.60		2.339e-02		131.289		4.663e-03		9.481
6		0.00		3.20		1.888e-02		131.607		3.830e-03		10.892
6		0.00		2.80		1.506e-02		132.643		3.217e-03		10.898
6		0.00		2.40		1.087e-02		131.816		2.545e-03		12.072
6		0.00		2.00		6.405e-03		127.893		1.615e-03		15.061
6		0.00		1.60		2.690e-03		85.461		1.055e-03		68.110
6		0.00		1.20		2.978e-03		-54.766		1.103e-03		39.178
6		0.00		0.80		6.875e-03		-41.321		1.857e-03		14.135
6		0.00		0.40		1.150e-02		-50.356		3.019e-03		13.570
6		0.00		0.00		1.556e-02		-48.348		3.721e-03		11.383
6		0.00		-0.40		1.976e-02		-48.530		5.061e-03		10.568
6		0.00		-0.80		2.419e-02		-51.433		6.143e-03		11.175
6		0.00		-1.20		2.851e-02		-50.854		7.045e-03		11.536
6		0.00		-1.60		3.195e-02		-51.045		8.110e-03		13.038
6		0.00		-2.00		3.566e-02		-49.990		9.026e-03		11.843
6		0.00		-2.40		3.970e-02		-51.748		9.593e-03		13.046
6		0.00		-2.80		4.440e-02		-52.972		1.042e-02		15.336
6		0.00		-3.20		4.779e-02		-51.821		1.155e-02		13.143
6		0.00		-3.60		5.018e-02		-51.921		1.218e-02		13.539
6		0.00		-4.00		5.328e-02		-52.681		1.289e-02		13.147
6		0.00		-4.40		5.649e-02		-53.639		1.417e-02		15.441
6		0.00		-4.80		5.865e-02		-50.415		1.490e-02		12.992
6		0.00		-5.20		6.087e-02		-50.264		1.581e-02		13.988
6		0.00		-5.60		6.233e-02		-47.127		1.526e-02		12.914
6		0.00		-6.00		6.132e-02		-47.829		1.736e-02		14.058
6		0.00		-6.40		6.363e-02		-48.060		1.917e-02		14.905
6		0.00		-6.80		6.488e-02		-51.060		2.152e-02		21.040
6		0.00		-7.20		6.554e-02		-44.702		2.031e-02		16.467
6		0.00		-7.60		6.741e-02		-41.414		2.093e-02		17.156
6		0.00		-8.00		6.660e-02		-48.992		1.977e-02		19.246
6		0.00		-8.40		6.536e-02		-44.177		2.048e-02		19.219
6		0.00		-8.80		6.152e-02		-47.875		1.877e-02		18.678
6		0.00		-9.20		5.841e-02		-48.157		1.773e-02		16.232
6		0.00		-9.60		5.429e-02		-45.853		1.606e-02		14.018
6		0.00		-10.00		4.755e-02		-47.593		1.259e-02		14.123
6		0.00		-9.60		5.468e-02		-49.608		1.563e-02		14.029
6		0.00		-9.20		5.730e-02		-45.532		1.578e-02		15.641
6		0.00		-8.80		6.094e-02		-48.026		1.725e-02		14.296
6		0.00		-8.40		6.299e-02		-50.308		1.612e-02		13.328
6		0.00		-8.00		6.305e-02		-48.232		1.577e-02		12.729
6		0.00		-7.60		5.952e-02		-49.501		1.487e-02		16.429
6		0.00		-7.20		6.061e-02		-50.666		1.426e-02		12.496
6		0.00		-6.80		5.794e-02		-47.204		1.290e-02		8.448
6		0.00		-6.40		5.526e-02		-46.971		1.219e-02		9.361
6		0.00		-6.00		5.243e-02		-47.763		1.178e-02		9.277
6		0.00		-5.60		4.921e-02		-48.611		1.028e-02		7.567
6		0.00		-5.20		4.627e-02		-49.826		9.113e-03		7.079
6		0.00		-4.80		4.245e-02		-50.024		8.411e-03		6.706
6		0.00		-4.40		3.908e-02		-51.590		7.817e-03		8.138
6		0.00		-4.00		3.527e-02		-51.743		6.836e-03		8.190
6		0.00		-3.60		3.137e-02		-50.888		5.677e-03		7.643
6		0.00		-3.20		2.666e-02		-50.972		4.897e-03		9.082
6		0.00		-2.80		2.290e-02		-49.368		4.034e-03		8.941
6		0.00		-2.40		1.880e-02		-47.724		3.138e-03		10.839
6		0.00		-2.00		1.489e-02		-48.238		2.504e-03		12.108
6		0.00		-1.60		1.066e-02		-43.373		2.083e-03		14.291
6		0.00		-1.20		6.318e-03		-35.996		1.538e-03		20.907
6		0.00		-0.80		2.410e-03		-49.873		8.994e-04		51.252
6		0.00		-0.40		2.969e-03		93.484		1.102e-03		41.703
7		0.00		0.00		6.936e-03		124.525		1.941e-03		15.885
7		0.00		0.40		1.097e-02		127.147		2.578e-03		10.461
7		0.00		0.80		1.495e-02		127.143		3.143e-03		9.807
7		0.00		1.20		1.887e-02		127.790		4.164e-03		10.492
7		0.00		1.60		2.264e-02		128.116		5.024e-03		9.261
7		0.00		2.00		2.609e-02		128.122		5.753e-03		10.631
7		0.00		2.40		2.924e-02		129.276		6.855e-03		8.960
7		0.00		2.80		3.216e-02		127.801		7.412e-03		9.006
7		0.00		3.20		3.516e-02		129.763		7.707e-03		8.621
7		0.00		3.60		3.719e-02		129.964		8.522e-03		9.403
7		0.00		4.00		3.956e-02		131.255		8.760e-03		8.824
7		0.00		4.40		4.173e-02		132.084		9.186e-03		8.445
7		0.00		4.80		4.452e-02		131.504		9.712e-03		8.420
7		0.00		5.20		4.565e-02		131.382		1.006e-02		9.900
7		0.00		5.60		4.795e-02		133.374		1.015e-02		10.098
7		0.00		6.00		5.027e-02		131.634		1.190e-02		13.577
7		0.00		6.40		5.325e-02		132.012		1.307e-02		15.184
7		0.00		6.80		5.434e-02		131.601		1.403e-02		15.312
7		0.00		7.20		5.774e-02		132.237		1.454e-02		10.832
7		0.00		7.60		5.791e-02		131.145		1.532e-02		15.817
7		0.00		8.00		6.061e-02		131.845		1.637e-02		15.271
7		0.00		8.40		6.240e-02		133.967		1.728e-02		14.120
7		0.00		8.80		6.319e-02		130.159		1.776e-02		28.001
7		0.00		9.20		6.181e-02		129.059		1.975e-02		26.638
7		0.00		9.60		6.021e-02		124.611		1.961e-02		29.831
7		0.00		10.00		5.751e-02		126.997		1.921e-02		27.331
7		0.00		9.60		6.010e-02		126.128		2.131e-02		26.485
7		0.00		9.20		5.917e-02		127.695		2.016e-02		26.014
7		0.00		8.80		5.804e-02		130.249		1.840e-02		20.209
7		0.00		8.40		5.620e-02		130.212		1.786e-02		22.681
7		0.00		8.00		5.324e-02		127.835		1.612e-02		25.965
7		0.00		7.60		5.237e-02		127.616		1.589e-02		25.414
7		0.00		7.20		5.024e-02		127.062		1.509e-02		26.353
7		0.00		6.80		4.997e-02		127.521		1.417e-02		23.580
7		0.00		6.40		4.683e-02		127.247		1.273e-02		23.233
7		0.00		6.00		4.409e-02		129.415		1.195e-02		21.311
7		0.00		5.60		4.119e-02		129.481		1.081e-02		18.158
7		0.00		5.20		3.808e-02		129.346		1.016e-02		20.744
7		0.00		4.80		3.491e-02		131.062		8.843e-03		18.905
7		0.00		4.40		3.093e-02		129.700		7.920e-03		17.431
7		0.00		4.00		2.744e-02		129.396		6.701e-03		17.599
7		0.00		3.60		2.351e-02		130.634		5.815e-03		18.605
7		0.00		3.20		1.952e-02		128.824		5.187e-03		18.419
7		0.00		2.80		1.530e-02		129.223		4.423e-03		19.116
7		0.00		2.40		1.107e-02		127.835		3.171e-03		27.443
7		0.00		2.00		7.098e-03		126.271		2.018e-03		29.893
7		0.00		1.60		3.224e-03		105.903		1.172e-03		49.016
7		0.00		1.20		2.204e-03		-39.983		9.465e-04		52.231
7		0.00		0.80		5.722e-03		-46.785		1.781e-03		21.267
7		0.00		0.40		9.880e-03		-49.149		2.779e-03		14.897
7		0.00		0.00		1.403e-02		-48.427		3.933e-03		12.574
7		0.00		-0.40		1.824e-02		-48.809		4.909e-03		15.362
7		0.00		-0.80		2.216e-02		-48.820		5.560e-03		9.587
7		0.00		-1.20		2.615e-02		-51.384		6.302e-03		11.110
7		0.00		-1.60		3.039e-02		-50.598		7.369e-03		10.423
7		0.00		-2.00		3.381e-02		-51.512		8.324e-03		9.412
7		0.00		-2.40		3.717e-02		-51.971		9.366e-03		10.350
7		0.00		-2.80		4.114e-02		-51.748		1.017e-02		9.136
7		0.00		-3.20		4.439e-02		-52.441		1.164e-02		9.533
7		0.00		-3.60		4.757e-02		-51.850		1.251e-02		8.046
7		0.00		-4.00		5.116e-02		-53.197		1.401e-02		9.570
7		0.00		-4.40		5.289e-02		-52.781		1.458e-02		8.423
7		0.00		-4.80		5.580e-02		-52.047		1.659e-02		9.814
7		0.00		-5.20		5.781e-02		-52.189		1.742e-02		9.708
7		0.00		-5.60		6.013e-02		-51.628		1.782e-02		10.234
7		0.00		-6.00		6.263e-02		-49.391		1.794e-02		10.748
7		0.00		-6.40		6.373e-02		-49.984		1.816e-02		11.416
7		0.00		-6.80		6.723e-02		-47.076		1.835e-02		10.323
7		0.00		-7.20		6.851e-02		-48.401		1.983e-02		11.843
7		0.00		-7.60		6.593e-02		-42.991		1.848e-02		15.228
7		0.00		-8.00		6.867e-02		-45.311		1.731e-02		15.593
7		0.00		-8.40		6.612e-02		-48.503		1.708e-02		19.369
7		0.00		-8.80		6.735e-02		-44.440		1.713e-02		14.189
7		0.00		-9.20		6.376e-02		-44.021		1.707e-02		13.703
7		0.00		-9.60		6.019e-02		-46.647		1.664e-02		13.079
7		0.00		-10.00		5.304e-02		-45.503		1.354e-02		11.111
7		0.00		-9.60		5.641e-02		-48.243		1.592e-02		15.873
7		0.00		-9.20		5.906e-02		-47.499		1.708e-02		18.288
7		0.00		-8.80		6.113e-02		-41.291		1.572e-02		15.421
7		0.00		-8.40		6.333e-02		-46.924		1.664e-02		17.273
7		0.00		-8.00		6.487e-02		-45.829		1.532e-02		12.005
7		0.00		-7.60		6.180e-02		-46.525		1.343e-02		11.576
7		0.00		-7.20		6.030e-02		-45.981		1.474e-02		11.426
7		0.00		-6.80		5.714e-02		-52.793		1.540e-02		16.734
7		0.00		-6.40		5.447e-02		-51.144		1.313e-02		13.489
7		0.00		-6.00		5.320e-02		-48.088		1.103e-02		7.327
7		0.00		-5.60		5.052e-02		-48.262		9.563e-03		7.343
7		0.00		-5.20		4.706e-02		-48.673		9.658e-03		7.680
7		0.00		-4.80		4.449e-02		-51.548		8.385e-03		7.996
7		0.00		-4.40		4.020e-02		-52.974		7.812e-03		8.399
7		0.00		-4.00		3.590e-02		-50.095		6.616e-03		8.646
7		0.00		-3.60		3.252e-02		-50.912		5.375e-03		8.884
7		0.00		-3.20		2.837e-02		-50.063		4.844e-03		9.328
7		0.00		-2.80		2.495e-02		-48.408		4.193e-03		9.460
7		0.00		-2.40		2.054e-02		-48.296		3.356e-03		9.632
7		0.00		-2.00		1.655e-02		-46.763		2.383e-03		10.235
7		0.00		-1.60		1.225e-02		-46.171		1.833e-03		11.873
7		0.00		-1.20		7.751e-03		-44.897		1.471e-03		16.384
7		0.00		-0.80		3.036e-03		-22.066		1.185e-03		34.142
7		0.00		-0.40		2.257e-03		77.344		9.702e-04		51.714
8		0.00		0.00		6.547e-03		126.196		1.532e-03		17.133
8		0.00		0.40		1.061e-02		124.737		2.441e-03		12.872
8		0.00		0.80		1.459e-02		127.651		3.013e-03		10.740
8		0.00		1.20		1.858e-02		129.286		3.575e-03		9.082
8		0.00		1.60		2.309e-02		129.792		4.363e-03		8.716
8		0.00		2.00		2.653e-02		129.005		4.934e-03		8.403
8		0.00		2.40		2.974e-02		129.577		5.746e-03		8.821
8		0.00		2.80		3.352e-02		130.263		6.330e-03		8.958
8		0.00		3.20		3.722e-02		129.094		7.560e-03		9.183
8		0.00		3.60		3.906e-02		129.920		7.770e-03		8.255
8		0.00		4.00		4.069e-02		131.497		8.161e-03		7.591
8		0.00		4.40		4.338e-02		131.699		9.198e-03		7.504
8		0.00		4.80		4.545e-02		131.857		9.237e-03		7.152
8		0.00		5.20		4.724e-02		132.404		9.807e-03		7.708
8		0.00		5.60		5.003e-02		131.660		1.129e-02		8.371
8		0.00		6.00		5.151e-02		132.967		1.111e-02		8.705
8		0.00		6.40		5.390e-02		132.673		1.227e-02		9.764
8		0.00		6.80		5.498e-02		130.521		1.407e-02		12.441
8		0.00		7.20		5.619e-02		132.131		1.396e-02		12.233
8		0.00		7.60		5.582e-02		130.586		1.470e-02		14.679
8		0.00		8.00		5.922e-02		133.032		1.498e-02		12.316
8		0.00		8.40		6.098e-02		132.897		1.582e-02		15.200
8		0.00		8.80		5.931e-02		127.843		1.640e-02		18.499
8		0.00		9.20		6.137e-02		128.433		1.716e-02		20.389
8		0.00		9.60		6.006e-02		125.351		1.617e-02		34.117
8		0.00		10.00		5.732e-02		127.251		1.645e-02		24.087
8		0.00		9.60		5.955e-02		127.336		1.729e-02		26.591
8		0.00		9.20		6.096e-02		130.487		1.637e-02		14.427
8		0.00		8.80		5.850e-02		130.106		1.590e-02		15.026
8		0.00		8.40		5.740e-02		132.317		1.378e-02		12.440
8		0.00		8.00		5.410e-02		131.304		1.443e-02		16.397
8		0.00		7.60		5.339e-02		134.507		1.143e-02		10.417
8		0.00		7.20		5.073e-02		134.473		1.088e-02		8.648
8		0.00		6.80		4.895e-02		133.175		9.904e-03		8.594
8		0.00		6.40		4.626e-02		133.140		9.956e-03		9.615
8		0.00		6.00		4.398e-02		133.222		9.365e-03		8.416
8		0.00		5.60		4.073e-02		134.103		8.990e-03		8.741
8		0.00		5.20		3.701e-02		133.194		8.247e-03		9.287
8		0.00		4.80		3.444e-02		132.633		7.391e-03		9.112
8		0.00		4.40		3.038e-02		132.784		6.964e-03		10.005
8		0.00		4.00		2.692e-02		131.187		6.167e-03		12.254
8		0.00		3.60		2.306e-02		132.872		5.223e-03		11.082
8		0.00		3.20		1.897e-02		129.396		4.531e-03		14.301
8		0.00		2.80		1.601e-02		132.251		3.570e-03		13.836
8		0.00		2.40		1.166e-02		130.821		2.977e-03		16.442
8		0.00		2.00		7.724e-03		131.142		1.897e-03		20.843
8		0.00		1.60		3.486e-03		109.249		1.259e-03		47.678
8		0.00		1.20		2.032e-03		-33.642		7.812e-04		59.052
8		0.00		0.80		5.407e-03		-51.490		1.671e-03		19.024
8		0.00		0.40		9.861e-03		-44.953		2.390e-03		12.851
8		0.00		0.00		1.421e-02		-46.392		3.317e-03		14.406
8		0.00		-0.40		1.825e-02		-48.748		4.432e-03		13.191
8		0.00		-0.80		2.260e-02		-48.714		5.226e-03		11.351
8		0.00		-1.20		2.667e-02		-49.496		6.309e-03		9.794
8		0.00		-1.60		3.084e-02		-49.804		7.212e-03		9.289
8		0.00		-2.00		3.522e-02		-49.872		8.299e-03		9.244
8		0.00		-2.40		3.862e-02		-51.363		9.181e-03		8.821
8		0.00		-2.80		4.261e-02		-51.773		9.937e-03		8.246
8		0.00		-3.20		4.591e-02		-52.518		1.058e-02		7.602
8		0.00		-3.60		4.952e-02		-53.063		1.217e-02		8.842
8		0.00		-4.00		5.260e-02		-53.797		1.227e-02		8.095
8		0.00		-4.40		5.498e-02		-52.293		1.283e-02		8.670
8		0.00		-4.80		5.763e-02		-52.611		1.394e-02		10.716
8		0.00		-5.20		5.947e-02		-50.288		1.390e-02		10.295
8		0.00		-5.60		6.080e-02		-49.268		1.462e-02		12.321
8		0.00		-6.00		6.185e-02		-54.458		1.668e-02		16.936
8		0.00		-6.40		6.157e-02		-47.479		1.428e-02		14.827
8		0.00		-6.80		6.332e-02		-50.693		1.646e-02		19.071
8		0.00		-7.20		6.297e-02		-51.016		1.634e-02		18.933
8		0.00		-7.60		6.547e-02		-51.579		1.866e-02		20.950
8		0.00		-8.00		6.492e-02		-48.612		1.829e-02		22.109
8		0.00		-8.40		6.646e-02		-44.811		1.694e-02		14.185
8		0.00		-8.80		6.511e-02		-49.608		1.872e-02		19.483
8		0.00		-9.20		6.544e-02		-45.762		1.957e-02		17.957
8		0.00		-9.60		5.756e-02		-47.388		1.746e-02		19.861
8		0.00		-10.00		5.211e-02		-47.657		1.539e-02		19.821
8		0.00		-9.60		5.623e-02		-44.813		1.680e-02		18.446
8		0.00		-9.20		6.058e-02		-44.560		1.787e-02		20.087
8		0.00		-8.80		6.133e-02		-46.735		1.791e-02		23.338
8		0.00		-8.40		6.128e-02		-43.192		1.873e-02		20.435
8		0.00		-8.00		6.245e-02		-44.384		1.915e-02		18.235
8		0.00		-7.60		6.240e-02		-48.016		1.868e-02		14.357
8		0.00		-7.20		5.995e-02		-48.391		1.895e-02		12.765
8		0.00		-6.80		5.872e-02		-46.289		1.741e-02		10.312
8		0.00		-6.40		5.691e-02		-48.634		1.617e-02		8.960
8		0.00		-6.00		5.444e-02		-48.333		1.475e-02		7.559
8		0.00		-5.60		5.182e-02		-48.234		1.259e-02		7.298
8		0.00		-5.20		4.871e-02		-49.602		1.132e-02		6.638
8		0.00		-4.80		4.540e-02		-50.466		9.423e-03		6.504
8		0.00		-4.40		4.142e-02		-50.331		8.107e-03		5.847
8		0.00		-4.00		3.706e-02		-51.328		6.950e-03		6.926
8		0.00		-3.60		3.330e-02		-49.579		6.032e-03		8.266
8		0.00		-3.20		2.943e-02		-49.791		5.121e-03		7.142
8		0.00		-2.80		2.578e-02		-48.891		4.338e-03		7.882
8		0.00		-2.40		2.114e-02		-48.677		3.362e-03		7.909
8		0.00		-2.00		1.655e-02		-48.208		2.505e-03		10.347
8		0.00		-1.60		1.215e-02		-41.562		1.951e-03		11.570
8		0.00		-1.20		7.475e-03		-35.146		1.478e-03		14.182
8		0.00		-0.80		3.020e-03		-34.543		9.925e-04		31.741
8		0.00		-0.40		2.079e-03		45.853		8.456e-04		75.549
