# Date of analysis: 2023-11-20 16;19
# 
# Loop index	Read Volt (V)	Write Volt (V)	Amplitude (a.u)	Phase (deg)	Sigma Amp (a.u)	Sigma Pha (deg)	
1		0.00		0.00		9.757e-03		-56.206		4.568e-03		40.731
1		0.00		0.40		7.459e-03		-51.653		2.206e-03		20.058
1		0.00		0.80		3.295e-03		-45.302		1.194e-03		43.815
1		0.00		1.20		2.038e-03		42.069		8.875e-04		88.816
1		0.00		1.60		5.218e-03		121.729		1.922e-03		26.403
1		0.00		2.00		9.270e-03		127.443		2.785e-03		15.120
1		0.00		2.40		1.264e-02		126.367		3.797e-03		16.950
1		0.00		2.80		1.605e-02		127.837		4.938e-03		15.791
1		0.00		3.20		1.972e-02		123.016		6.709e-03		26.360
1		0.00		3.60		2.310e-02		127.603		7.755e-03		17.225
1		0.00		4.00		2.666e-02		127.767		7.847e-03		11.225
1		0.00		4.40		2.855e-02		126.551		8.989e-03		13.076
1		0.00		4.80		3.030e-02		124.347		1.033e-02		18.063
1		0.00		5.20		3.273e-02		121.984		1.187e-02		31.456
1		0.00		5.60		3.600e-02		125.556		1.270e-02		24.523
1		0.00		6.00		3.913e-02		126.566		1.179e-02		15.427
1		0.00		6.40		3.988e-02		124.950		1.189e-02		16.853
1		0.00		6.80		4.223e-02		124.853		1.342e-02		19.712
1		0.00		7.20		4.523e-02		124.351		1.510e-02		26.790
1		0.00		7.60		4.886e-02		124.548		1.641e-02		20.166
1		0.00		8.00		4.751e-02		123.303		1.589e-02		24.920
1		0.00		8.40		5.071e-02		126.586		1.538e-02		15.013
1		0.00		8.80		5.084e-02		120.049		1.795e-02		29.659
1		0.00		9.20		5.364e-02		118.588		1.943e-02		36.085
1		0.00		9.60		5.271e-02		122.595		1.841e-02		23.819
1		0.00		10.00		4.902e-02		124.686		1.640e-02		21.907
1		0.00		9.60		4.773e-02		123.796		1.511e-02		19.090
1		0.00		9.20		4.752e-02		121.710		1.750e-02		25.516
1		0.00		8.80		4.554e-02		117.365		1.722e-02		31.280
1		0.00		8.40		4.376e-02		125.751		1.551e-02		15.354
1		0.00		8.00		3.952e-02		126.996		1.306e-02		16.834
1		0.00		7.60		3.737e-02		124.088		1.292e-02		19.802
1		0.00		7.20		3.528e-02		121.000		1.333e-02		34.785
1		0.00		6.80		3.364e-02		124.953		1.208e-02		21.431
1		0.00		6.40		3.117e-02		127.491		8.941e-03		15.214
1		0.00		6.00		2.842e-02		126.928		8.133e-03		15.651
1		0.00		5.60		2.526e-02		123.827		8.065e-03		22.301
1		0.00		5.20		2.268e-02		124.586		7.413e-03		32.191
1		0.00		4.80		1.963e-02		129.911		5.131e-03		11.933
1		0.00		4.40		1.595e-02		127.697		4.068e-03		16.425
1		0.00		4.00		1.250e-02		129.162		3.277e-03		16.929
1		0.00		3.60		8.745e-03		124.175		2.507e-03		32.906
1		0.00		3.20		4.909e-03		124.266		1.493e-03		21.186
1		0.00		2.80		1.985e-03		52.645		7.757e-04		78.010
1		0.00		2.40		3.609e-03		-46.589		1.665e-03		43.281
1		0.00		2.00		7.261e-03		-55.353		2.838e-03		23.422
1		0.00		1.60		1.138e-02		-50.788		3.829e-03		17.452
1		0.00		1.20		1.567e-02		-52.212		5.225e-03		14.386
1		0.00		0.80		1.942e-02		-54.283		5.872e-03		12.827
1		0.00		0.40		2.337e-02		-54.469		7.089e-03		14.859
1		0.00		0.00		2.717e-02		-55.518		9.023e-03		15.683
1		0.00		-0.40		3.109e-02		-52.687		1.068e-02		15.024
1		0.00		-0.80		3.511e-02		-54.428		1.064e-02		11.878
1		0.00		-1.20		3.791e-02		-55.637		1.060e-02		12.099
1		0.00		-1.60		4.000e-02		-57.137		1.289e-02		15.066
1		0.00		-2.00		4.324e-02		-52.227		1.474e-02		19.576
1		0.00		-2.40		4.717e-02		-55.183		1.686e-02		9.685
1		0.00		-2.80		4.945e-02		-56.172		1.427e-02		11.285
1		0.00		-3.20		4.791e-02		-58.935		1.422e-02		16.329
1		0.00		-3.60		5.112e-02		-56.790		1.662e-02		19.372
1		0.00		-4.00		5.532e-02		-53.537		1.813e-02		21.203
1		0.00		-4.40		5.860e-02		-53.597		1.724e-02		9.745
1		0.00		-4.80		5.634e-02		-57.763		1.660e-02		18.241
1		0.00		-5.20		5.601e-02		-57.914		1.881e-02		20.193
1		0.00		-5.60		5.805e-02		-53.829		2.035e-02		24.882
1		0.00		-6.00		5.890e-02		-48.604		1.990e-02		23.543
1		0.00		-6.40		5.994e-02		-48.293		1.822e-02		14.141
1		0.00		-6.80		5.693e-02		-51.683		1.621e-02		18.074
1		0.00		-7.20		5.676e-02		-52.022		1.808e-02		17.920
1		0.00		-7.60		5.723e-02		-51.345		1.896e-02		25.587
1		0.00		-8.00		5.695e-02		-51.430		1.974e-02		23.223
1		0.00		-8.40		5.765e-02		-49.143		1.916e-02		13.164
1		0.00		-8.80		5.467e-02		-49.645		1.880e-02		15.813
1		0.00		-9.20		4.837e-02		-47.659		1.731e-02		15.863
1		0.00		-9.60		4.431e-02		-48.267		1.836e-02		22.987
1		0.00		-10.00		3.825e-02		-37.941		1.543e-02		38.416
1		0.00		-9.60		4.329e-02		-49.875		1.619e-02		14.499
1		0.00		-9.20		4.464e-02		-48.157		1.440e-02		16.558
1		0.00		-8.80		4.611e-02		-50.715		1.581e-02		19.034
1		0.00		-8.40		4.975e-02		-51.788		1.860e-02		20.806
1		0.00		-8.00		5.025e-02		-45.949		1.878e-02		21.693
1		0.00		-7.60		5.053e-02		-52.306		1.593e-02		11.137
1		0.00		-7.20		4.831e-02		-53.251		1.422e-02		13.886
1		0.00		-6.80		4.361e-02		-52.094		1.216e-02		16.533
1		0.00		-6.40		4.251e-02		-53.338		1.382e-02		21.745
1		0.00		-6.00		4.055e-02		-43.807		1.344e-02		25.722
1		0.00		-5.60		3.825e-02		-51.157		1.069e-02		9.759
1		0.00		-5.20		3.506e-02		-52.217		8.534e-03		12.746
1		0.00		-4.80		3.115e-02		-52.860		8.223e-03		14.007
1		0.00		-4.40		2.802e-02		-54.338		8.099e-03		15.457
1		0.00		-4.00		2.527e-02		-49.847		7.877e-03		17.137
1		0.00		-3.60		2.266e-02		-53.572		6.483e-03		9.671
1		0.00		-3.20		1.937e-02		-52.754		4.629e-03		12.757
1		0.00		-2.80		1.563e-02		-51.241		4.382e-03		14.502
1		0.00		-2.40		1.202e-02		-50.903		3.651e-03		19.164
1		0.00		-2.00		8.572e-03		-44.006		2.814e-03		22.795
1		0.00		-1.60		5.555e-03		-45.605		1.750e-03		24.795
1		0.00		-1.20		2.406e-03		-53.571		1.043e-03		40.789
1		0.00		-0.80		2.353e-03		56.021		1.056e-03		71.384
1		0.00		-0.40		5.508e-03		112.747		1.973e-03		21.747
2		0.00		0.00		9.212e-03		118.695		3.284e-03		28.786
2		0.00		0.40		1.248e-02		125.301		4.162e-03		11.949
2		0.00		0.80		1.599e-02		126.710		4.452e-03		12.437
2		0.00		1.20		1.869e-02		125.252		5.214e-03		12.355
2		0.00		1.60		2.209e-02		127.211		6.392e-03		13.167
2		0.00		2.00		2.465e-02		125.666		7.515e-03		22.293
2		0.00		2.40		2.902e-02		128.992		8.843e-03		14.762
2		0.00		2.80		3.219e-02		127.847		8.413e-03		9.553
2		0.00		3.20		3.406e-02		128.111		8.741e-03		10.950
2		0.00		3.60		3.519e-02		128.194		9.717e-03		12.397
2		0.00		4.00		3.782e-02		126.919		1.163e-02		20.554
2		0.00		4.40		4.010e-02		124.845		1.332e-02		27.530
2		0.00		4.80		4.352e-02		128.352		1.353e-02		9.763
2		0.00		5.20		4.492e-02		129.215		1.192e-02		11.748
2		0.00		5.60		4.559e-02		126.854		1.396e-02		14.508
2		0.00		6.00		4.717e-02		126.636		1.560e-02		18.262
2		0.00		6.40		4.802e-02		122.321		1.833e-02		29.302
2		0.00		6.80		5.102e-02		123.291		1.938e-02		23.240
2		0.00		7.20		5.246e-02		126.619		1.861e-02		15.072
2		0.00		7.60		5.278e-02		127.661		1.748e-02		17.349
2		0.00		8.00		5.079e-02		120.866		1.757e-02		29.134
2		0.00		8.40		5.518e-02		124.534		2.096e-02		21.199
2		0.00		8.80		5.669e-02		115.714		2.154e-02		38.768
2		0.00		9.20		5.542e-02		117.700		2.100e-02		32.960
2		0.00		9.60		5.819e-02		126.546		2.006e-02		14.331
2		0.00		10.00		5.378e-02		125.351		1.768e-02		18.446
2		0.00		9.60		5.289e-02		123.772		1.584e-02		18.183
2		0.00		9.20		5.307e-02		124.940		1.636e-02		19.136
2		0.00		8.80		5.202e-02		123.678		1.707e-02		27.017
2		0.00		8.40		5.079e-02		126.599		1.577e-02		19.230
2		0.00		8.00		4.863e-02		128.891		1.364e-02		9.260
2		0.00		7.60		4.627e-02		129.462		1.197e-02		11.330
2		0.00		7.20		4.215e-02		129.950		1.036e-02		12.391
2		0.00		6.80		3.981e-02		127.411		1.105e-02		14.217
2		0.00		6.40		3.731e-02		127.106		1.105e-02		20.126
2		0.00		6.00		3.451e-02		126.015		1.038e-02		27.887
2		0.00		5.60		3.204e-02		129.851		9.365e-03		13.403
2		0.00		5.20		2.869e-02		131.033		7.430e-03		9.780
2		0.00		4.80		2.484e-02		128.856		5.749e-03		11.838
2		0.00		4.40		2.065e-02		129.111		5.327e-03		14.125
2		0.00		4.00		1.712e-02		132.329		4.350e-03		13.892
2		0.00		3.60		1.301e-02		128.971		3.363e-03		15.410
2		0.00		3.20		8.926e-03		128.382		2.499e-03		28.243
2		0.00		2.80		4.898e-03		119.363		1.591e-03		41.092
2		0.00		2.40		1.918e-03		33.353		8.869e-04		79.685
2		0.00		2.00		4.177e-03		-60.929		1.807e-03		26.641
2		0.00		1.60		8.567e-03		-56.554		2.657e-03		18.192
2		0.00		1.20		1.229e-02		-54.503		3.711e-03		14.576
2		0.00		0.80		1.641e-02		-52.206		4.835e-03		14.266
2		0.00		0.40		2.078e-02		-53.338		5.910e-03		14.061
2		0.00		0.00		2.501e-02		-50.227		7.391e-03		13.488
2		0.00		-0.40		2.953e-02		-52.468		8.447e-03		9.677
2		0.00		-0.80		3.458e-02		-54.382		8.945e-03		8.124
2		0.00		-1.20		3.828e-02		-54.868		9.190e-03		9.390
2		0.00		-1.60		4.180e-02		-54.573		9.717e-03		9.481
2		0.00		-2.00		4.534e-02		-53.514		1.078e-02		10.348
2		0.00		-2.40		4.685e-02		-55.526		1.311e-02		14.148
2		0.00		-2.80		4.826e-02		-54.941		1.551e-02		17.019
2		0.00		-3.20		5.072e-02		-50.247		1.689e-02		21.402
2		0.00		-3.60		5.295e-02		-53.169		1.720e-02		10.047
2		0.00		-4.00		5.694e-02		-57.923		1.820e-02		11.768
2		0.00		-4.40		5.719e-02		-55.731		1.629e-02		12.733
2		0.00		-4.80		5.643e-02		-58.265		1.801e-02		18.600
2		0.00		-5.20		5.722e-02		-54.909		1.756e-02		16.802
2		0.00		-5.60		5.841e-02		-53.168		1.865e-02		16.472
2		0.00		-6.00		5.781e-02		-48.852		1.922e-02		15.396
2		0.00		-6.40		6.015e-02		-49.872		2.093e-02		28.555
2		0.00		-6.80		5.861e-02		-45.602		1.848e-02		26.001
2		0.00		-7.20		6.200e-02		-49.948		1.785e-02		10.657
2		0.00		-7.60		6.288e-02		-46.975		1.739e-02		12.196
2		0.00		-8.00		6.187e-02		-50.402		1.661e-02		13.811
2		0.00		-8.40		5.884e-02		-53.547		1.578e-02		17.719
2		0.00		-8.80		5.376e-02		-49.339		1.476e-02		16.528
2		0.00		-9.20		5.236e-02		-47.453		1.555e-02		13.414
2		0.00		-9.60		4.784e-02		-50.746		1.585e-02		17.231
2		0.00		-10.00		4.060e-02		-42.524		1.384e-02		13.532
2		0.00		-9.60		4.700e-02		-41.768		1.619e-02		22.369
2		0.00		-9.20		5.025e-02		-44.052		1.765e-02		17.401
2		0.00		-8.80		5.221e-02		-47.998		1.793e-02		8.784
2		0.00		-8.40		5.325e-02		-48.243		1.583e-02		9.858
2		0.00		-8.00		5.346e-02		-49.728		1.501e-02		10.400
2		0.00		-7.60		5.248e-02		-51.202		1.483e-02		11.633
2		0.00		-7.20		4.842e-02		-51.169		1.336e-02		13.724
2		0.00		-6.80		4.533e-02		-51.939		1.332e-02		14.183
2		0.00		-6.40		4.324e-02		-51.924		1.285e-02		12.779
2		0.00		-6.00		4.054e-02		-51.628		1.258e-02		15.656
2		0.00		-5.60		3.733e-02		-50.954		1.165e-02		19.155
2		0.00		-5.20		3.497e-02		-48.052		1.071e-02		15.378
2		0.00		-4.80		3.234e-02		-50.269		9.403e-03		11.122
2		0.00		-4.40		2.948e-02		-51.710		7.866e-03		8.092
2		0.00		-4.00		2.613e-02		-52.033		6.307e-03		8.370
2		0.00		-3.60		2.290e-02		-52.285		5.288e-03		10.142
2		0.00		-3.20		1.923e-02		-52.004		4.269e-03		11.343
2		0.00		-2.80		1.575e-02		-51.608		3.347e-03		11.770
2		0.00		-2.40		1.185e-02		-48.083		2.965e-03		14.862
2		0.00		-2.00		8.435e-03		-43.758		2.128e-03		17.058
2		0.00		-1.60		4.975e-03		-38.898		1.623e-03		17.578
2		0.00		-1.20		2.249e-03		-34.805		8.865e-04		45.371
2		0.00		-0.80		3.597e-03		96.551		1.551e-03		44.809
2		0.00		-0.40		6.366e-03		118.220		2.295e-03		30.891
3		0.00		0.00		1.021e-02		123.990		3.338e-03		17.807
3		0.00		0.40		1.352e-02		123.916		4.195e-03		13.480
3		0.00		0.80		1.706e-02		129.697		5.071e-03		9.794
3		0.00		1.20		2.087e-02		129.002		5.571e-03		9.011
3		0.00		1.60		2.347e-02		127.447		6.325e-03		8.689
3		0.00		2.00		2.689e-02		127.769		7.167e-03		9.818
3		0.00		2.40		2.908e-02		128.860		7.639e-03		10.275
3		0.00		2.80		3.142e-02		127.070		8.698e-03		12.005
3		0.00		3.20		3.504e-02		128.535		8.977e-03		10.128
3		0.00		3.60		3.723e-02		129.173		9.956e-03		10.768
3		0.00		4.00		3.944e-02		128.292		1.060e-02		12.335
3		0.00		4.40		4.205e-02		127.662		1.197e-02		16.227
3		0.00		4.80		4.397e-02		127.388		1.340e-02		22.937
3		0.00		5.20		4.570e-02		126.991		1.382e-02		24.016
3		0.00		5.60		4.839e-02		126.025		1.515e-02		22.674
3		0.00		6.00		5.139e-02		126.221		1.632e-02		20.529
3		0.00		6.40		5.263e-02		130.315		1.613e-02		10.915
3		0.00		6.80		5.444e-02		129.636		1.624e-02		9.073
3		0.00		7.20		5.584e-02		129.751		1.701e-02		9.320
3		0.00		7.60		5.715e-02		130.818		1.686e-02		12.077
3		0.00		8.00		5.760e-02		132.347		1.706e-02		10.777
3		0.00		8.40		5.871e-02		129.376		1.850e-02		13.781
3		0.00		8.80		5.908e-02		128.836		1.840e-02		14.606
3		0.00		9.20		5.833e-02		126.298		1.839e-02		17.156
3		0.00		9.60		5.375e-02		119.947		1.789e-02		21.083
3		0.00		10.00		5.276e-02		124.853		1.796e-02		19.220
3		0.00		9.60		5.318e-02		121.329		1.866e-02		22.656
3		0.00		9.20		5.427e-02		124.965		1.801e-02		17.231
3		0.00		8.80		5.237e-02		123.434		1.734e-02		21.724
3		0.00		8.40		5.025e-02		126.031		1.568e-02		21.260
3		0.00		8.00		4.827e-02		125.629		1.498e-02		24.738
3		0.00		7.60		4.638e-02		124.857		1.435e-02		28.600
3		0.00		7.20		4.384e-02		126.116		1.346e-02		25.872
3		0.00		6.80		4.128e-02		126.316		1.258e-02		26.551
3		0.00		6.40		3.877e-02		130.300		1.121e-02		15.111
3		0.00		6.00		3.605e-02		131.190		9.893e-03		8.394
3		0.00		5.60		3.318e-02		130.476		8.850e-03		8.470
3		0.00		5.20		2.968e-02		130.469		7.519e-03		8.349
3		0.00		4.80		2.563e-02		129.220		6.299e-03		10.576
3		0.00		4.40		2.227e-02		130.248		5.196e-03		9.617
3		0.00		4.00		1.840e-02		129.460		4.299e-03		10.799
3		0.00		3.60		1.429e-02		129.922		2.988e-03		12.899
3		0.00		3.20		1.028e-02		130.123		2.305e-03		12.601
3		0.00		2.80		6.138e-03		132.553		1.641e-03		15.378
3		0.00		2.40		2.575e-03		69.993		1.109e-03		78.430
3		0.00		2.00		3.059e-03		-52.342		1.310e-03		40.366
3		0.00		1.60		6.883e-03		-55.173		2.392e-03		23.353
3		0.00		1.20		1.074e-02		-56.477		3.142e-03		17.916
3		0.00		0.80		1.532e-02		-52.795		4.021e-03		13.369
3		0.00		0.40		1.907e-02		-53.384		4.905e-03		13.810
3		0.00		0.00		2.330e-02		-53.261		5.975e-03		11.784
3		0.00		-0.40		2.708e-02		-53.503		7.135e-03		13.615
3		0.00		-0.80		3.086e-02		-52.328		8.345e-03		13.072
3		0.00		-1.20		3.450e-02		-54.860		9.466e-03		13.687
3		0.00		-1.60		3.829e-02		-55.131		1.084e-02		16.641
3		0.00		-2.00		4.127e-02		-52.591		1.233e-02		16.718
3		0.00		-2.40		4.587e-02		-55.093		1.360e-02		15.436
3		0.00		-2.80		4.837e-02		-52.653		1.519e-02		11.690
3		0.00		-3.20		5.096e-02		-51.646		1.685e-02		19.720
3		0.00		-3.60		5.324e-02		-52.924		1.797e-02		13.878
3		0.00		-4.00		5.553e-02		-53.514		1.896e-02		11.998
3		0.00		-4.40		5.740e-02		-52.626		1.877e-02		10.248
3		0.00		-4.80		5.823e-02		-51.423		1.829e-02		9.238
3		0.00		-5.20		6.038e-02		-50.789		1.893e-02		10.409
3		0.00		-5.60		6.040e-02		-49.028		1.796e-02		10.472
3		0.00		-6.00		6.327e-02		-49.958		1.849e-02		9.997
3		0.00		-6.40		6.299e-02		-47.459		1.719e-02		10.583
3		0.00		-6.80		6.383e-02		-48.713		1.763e-02		13.125
3		0.00		-7.20		6.625e-02		-48.606		1.741e-02		13.126
3		0.00		-7.60		6.406e-02		-46.414		1.711e-02		13.755
3		0.00		-8.00		6.330e-02		-45.491		1.769e-02		14.849
3		0.00		-8.40		6.189e-02		-46.578		1.727e-02		12.785
3		0.00		-8.80		5.754e-02		-47.207		1.628e-02		14.016
3		0.00		-9.20		5.569e-02		-45.479		1.658e-02		8.662
3		0.00		-9.60		4.929e-02		-47.268		1.460e-02		10.142
3		0.00		-10.00		4.301e-02		-46.203		1.278e-02		9.325
3		0.00		-9.60		4.767e-02		-48.418		1.484e-02		11.245
3		0.00		-9.20		5.067e-02		-46.836		1.561e-02		11.310
3		0.00		-8.80		5.146e-02		-48.486		1.531e-02		11.995
3		0.00		-8.40		5.238e-02		-49.578		1.557e-02		11.926
3		0.00		-8.00		5.217e-02		-49.766		1.468e-02		12.900
3		0.00		-7.60		5.113e-02		-52.792		1.511e-02		13.268
3		0.00		-7.20		4.819e-02		-51.310		1.335e-02		11.944
3		0.00		-6.80		4.611e-02		-51.812		1.281e-02		12.460
3		0.00		-6.40		4.380e-02		-50.202		1.083e-02		9.867
3		0.00		-6.00		4.163e-02		-50.538		1.029e-02		10.091
3		0.00		-5.60		3.873e-02		-50.889		9.020e-03		10.298
3		0.00		-5.20		3.508e-02		-52.353		7.981e-03		11.599
3		0.00		-4.80		3.311e-02		-52.853		7.134e-03		11.107
3		0.00		-4.40		2.953e-02		-53.696		6.046e-03		10.329
3		0.00		-4.00		2.599e-02		-52.667		5.441e-03		11.354
3		0.00		-3.60		2.243e-02		-51.767		4.699e-03		11.705
3		0.00		-3.20		1.925e-02		-50.163		3.677e-03		11.212
3		0.00		-2.80		1.544e-02		-47.145		3.247e-03		12.845
3		0.00		-2.40		1.222e-02		-47.189		2.736e-03		14.284
3		0.00		-2.00		8.432e-03		-49.343		2.200e-03		14.283
3		0.00		-1.60		4.898e-03		-39.687		1.430e-03		18.669
3		0.00		-1.20		1.834e-03		-13.934		6.925e-04		66.434
3		0.00		-0.80		3.437e-03		112.153		1.271e-03		30.583
3		0.00		-0.40		7.256e-03		123.204		2.087e-03		15.993
4		0.00		0.00		1.093e-02		126.686		2.961e-03		14.739
4		0.00		0.40		1.448e-02		127.213		3.957e-03		16.092
4		0.00		0.80		1.823e-02		127.547		4.812e-03		15.702
4		0.00		1.20		2.104e-02		126.925		5.849e-03		17.931
4		0.00		1.60		2.444e-02		127.135		6.762e-03		18.227
4		0.00		2.00		2.713e-02		127.587		7.747e-03		20.817
4		0.00		2.40		3.008e-02		128.344		8.149e-03		20.437
4		0.00		2.80		3.318e-02		127.572		8.719e-03		17.838
4		0.00		3.20		3.574e-02		129.630		9.729e-03		14.675
4		0.00		3.60		3.880e-02		129.736		1.103e-02		11.450
4		0.00		4.00		4.100e-02		131.570		1.108e-02		7.562
4		0.00		4.40		4.368e-02		130.925		1.155e-02		7.202
4		0.00		4.80		4.498e-02		130.174		1.132e-02		7.448
4		0.00		5.20		4.771e-02		129.730		1.209e-02		7.059
4		0.00		5.60		4.885e-02		130.111		1.211e-02		10.541
4		0.00		6.00		5.074e-02		129.445		1.312e-02		9.805
4		0.00		6.40		5.212e-02		127.860		1.474e-02		12.638
4		0.00		6.80		5.108e-02		125.895		1.575e-02		16.777
4		0.00		7.20		5.221e-02		126.737		1.699e-02		17.009
4		0.00		7.60		5.418e-02		127.251		1.772e-02		16.275
4		0.00		8.00		5.514e-02		123.934		1.907e-02		18.739
4		0.00		8.40		5.840e-02		125.033		2.048e-02		20.370
4		0.00		8.80		5.610e-02		123.067		1.925e-02		28.482
4		0.00		9.20		5.700e-02		121.718		2.074e-02		34.303
4		0.00		9.60		5.708e-02		119.128		2.043e-02		37.451
4		0.00		10.00		5.608e-02		124.141		1.989e-02		23.042
4		0.00		9.60		5.808e-02		127.143		1.790e-02		11.041
4		0.00		9.20		5.747e-02		128.975		1.686e-02		9.382
4		0.00		8.80		5.681e-02		129.932		1.463e-02		8.475
4		0.00		8.40		5.314e-02		128.911		1.405e-02		11.484
4		0.00		8.00		4.882e-02		128.151		1.241e-02		14.433
4		0.00		7.60		4.593e-02		129.869		1.125e-02		11.812
4		0.00		7.20		4.362e-02		129.348		1.139e-02		12.055
4		0.00		6.80		4.230e-02		127.982		1.157e-02		14.188
4		0.00		6.40		3.871e-02		128.157		1.092e-02		19.989
4		0.00		6.00		3.584e-02		128.334		9.915e-03		22.019
4		0.00		5.60		3.201e-02		126.081		9.617e-03		25.128
4		0.00		5.20		2.901e-02		129.987		8.577e-03		11.535
4		0.00		4.80		2.565e-02		129.976		6.830e-03		8.521
4		0.00		4.40		2.259e-02		131.583		5.074e-03		9.121
4		0.00		4.00		1.867e-02		130.557		3.889e-03		10.490
4		0.00		3.60		1.489e-02		130.776		3.220e-03		10.010
4		0.00		3.20		1.070e-02		132.192		2.406e-03		13.087
4		0.00		2.80		6.788e-03		131.183		1.489e-03		16.209
4		0.00		2.40		3.025e-03		95.624		1.161e-03		68.957
4		0.00		2.00		2.610e-03		-45.274		1.196e-03		52.847
4		0.00		1.60		6.444e-03		-52.267		2.114e-03		17.082
4		0.00		1.20		1.080e-02		-55.836		3.256e-03		15.299
4		0.00		0.80		1.571e-02		-53.514		3.973e-03		10.486
4		0.00		0.40		1.994e-02		-53.659		4.366e-03		9.960
4		0.00		0.00		2.438e-02		-53.259		5.134e-03		8.757
4		0.00		-0.40		2.779e-02		-51.163		6.466e-03		10.416
4		0.00		-0.80		3.129e-02		-52.875		7.908e-03		11.564
4		0.00		-1.20		3.467e-02		-53.680		9.164e-03		13.400
4		0.00		-1.60		3.888e-02		-52.403		1.082e-02		13.202
4		0.00		-2.00		4.292e-02		-53.124		1.237e-02		7.937
4		0.00		-2.40		4.666e-02		-54.860		1.204e-02		6.220
4		0.00		-2.80		4.976e-02		-55.058		1.305e-02		7.734
4		0.00		-3.20		4.937e-02		-55.173		1.291e-02		11.704
4		0.00		-3.60		5.033e-02		-55.683		1.480e-02		14.510
4		0.00		-4.00		5.185e-02		-56.842		1.695e-02		20.961
4		0.00		-4.40		5.541e-02		-50.809		1.912e-02		18.979
4		0.00		-4.80		5.706e-02		-53.210		1.826e-02		10.590
4		0.00		-5.20		5.867e-02		-51.803		1.587e-02		12.083
4		0.00		-5.60		5.904e-02		-53.661		1.720e-02		15.825
4		0.00		-6.00		5.859e-02		-53.230		1.739e-02		15.511
4		0.00		-6.40		6.031e-02		-53.647		2.127e-02		20.358
4		0.00		-6.80		6.055e-02		-49.129		1.921e-02		25.038
4		0.00		-7.20		6.417e-02		-49.917		2.015e-02		10.449
4		0.00		-7.60		6.417e-02		-48.453		1.733e-02		12.731
4		0.00		-8.00		6.220e-02		-48.892		1.520e-02		12.574
4		0.00		-8.40		5.894e-02		-50.112		1.646e-02		14.099
4		0.00		-8.80		5.721e-02		-50.376		1.751e-02		19.890
4		0.00		-9.20		5.496e-02		-38.717		1.790e-02		22.178
4		0.00		-9.60		4.891e-02		-45.809		1.555e-02		9.616
4		0.00		-10.00		4.201e-02		-45.973		1.188e-02		9.436
4		0.00		-9.60		4.593e-02		-46.551		1.330e-02		11.789
4		0.00		-9.20		5.013e-02		-47.424		1.546e-02		13.595
4		0.00		-8.80		5.167e-02		-50.617		1.742e-02		24.879
4		0.00		-8.40		5.274e-02		-46.562		1.840e-02		20.854
4		0.00		-8.00		5.360e-02		-47.821		1.497e-02		8.344
4		0.00		-7.60		5.175e-02		-48.530		1.245e-02		9.533
4		0.00		-7.20		4.792e-02		-50.790		1.238e-02		13.818
4		0.00		-6.80		4.664e-02		-50.301		1.344e-02		12.494
4		0.00		-6.40		4.407e-02		-48.788		1.390e-02		17.021
4		0.00		-6.00		4.188e-02		-48.091		1.269e-02		6.603
4		0.00		-5.60		3.993e-02		-49.148		9.869e-03		6.504
4		0.00		-5.20		3.639e-02		-51.243		7.977e-03		8.939
4		0.00		-4.80		3.373e-02		-51.093		7.640e-03		8.919
4		0.00		-4.40		2.937e-02		-50.192		7.472e-03		12.122
4		0.00		-4.00		2.571e-02		-50.748		6.625e-03		15.885
4		0.00		-3.60		2.315e-02		-50.203		5.511e-03		8.758
4		0.00		-3.20		1.990e-02		-52.168		3.914e-03		10.649
4		0.00		-2.80		1.607e-02		-50.047		3.095e-03		12.777
4		0.00		-2.40		1.222e-02		-46.634		2.673e-03		12.154
4		0.00		-2.00		8.942e-03		-44.193		2.231e-03		13.459
4		0.00		-1.60		4.497e-03		-35.247		1.477e-03		22.000
4		0.00		-1.20		1.918e-03		-19.583		8.346e-04		63.069
4		0.00		-0.80		3.600e-03		107.294		1.286e-03		28.747
4		0.00		-0.40		7.331e-03		126.441		1.903e-03		14.420
5		0.00		0.00		1.090e-02		123.181		3.179e-03		21.903
5		0.00		0.40		1.404e-02		124.874		4.320e-03		22.037
5		0.00		0.80		1.789e-02		128.124		4.847e-03		7.823
5		0.00		1.20		2.157e-02		128.951		4.981e-03		7.279
5		0.00		1.60		2.508e-02		128.418		5.866e-03		9.484
5		0.00		2.00		2.755e-02		129.090		7.057e-03		10.978
5		0.00		2.40		2.982e-02		126.492		8.667e-03		19.084
5		0.00		2.80		3.246e-02		128.748		9.904e-03		16.039
5		0.00		3.20		3.552e-02		129.135		9.793e-03		7.320
5		0.00		3.60		3.764e-02		129.646		9.068e-03		8.671
5		0.00		4.00		3.962e-02		129.276		9.625e-03		9.204
5		0.00		4.40		4.206e-02		130.569		1.050e-02		10.249
5		0.00		4.80		4.445e-02		128.347		1.228e-02		21.099
5		0.00		5.20		4.796e-02		130.982		1.366e-02		10.727
5		0.00		5.60		4.982e-02		129.782		1.241e-02		7.080
5		0.00		6.00		5.213e-02		129.529		1.291e-02		9.165
5		0.00		6.40		5.112e-02		129.775		1.262e-02		12.334
5		0.00		6.80		5.460e-02		126.774		1.596e-02		17.372
5		0.00		7.20		5.566e-02		127.306		1.682e-02		25.249
5		0.00		7.60		5.925e-02		128.723		1.869e-02		19.232
5		0.00		8.00		6.018e-02		131.360		1.634e-02		10.038
5		0.00		8.40		6.012e-02		129.016		1.586e-02		13.866
5		0.00		8.80		5.858e-02		123.675		1.805e-02		23.753
5		0.00		9.20		5.975e-02		126.255		2.042e-02		16.268
5		0.00		9.60		5.879e-02		123.703		2.139e-02		24.058
5		0.00		10.00		5.677e-02		124.460		2.078e-02		20.720
5		0.00		9.60		5.834e-02		126.986		1.885e-02		10.240
5		0.00		9.20		5.637e-02		126.844		1.710e-02		13.873
5		0.00		8.80		5.244e-02		126.372		1.579e-02		16.212
5		0.00		8.40		5.092e-02		126.300		1.679e-02		19.567
5		0.00		8.00		4.949e-02		125.990		1.615e-02		27.588
5		0.00		7.60		4.760e-02		128.185		1.552e-02		20.178
5		0.00		7.20		4.551e-02		130.290		1.177e-02		9.211
5		0.00		6.80		4.329e-02		129.809		1.000e-02		10.193
5		0.00		6.40		4.025e-02		129.568		9.207e-03		10.473
5		0.00		6.00		3.751e-02		129.802		9.694e-03		12.229
5		0.00		5.60		3.350e-02		128.440		9.243e-03		21.760
5		0.00		5.20		3.066e-02		129.109		8.425e-03		13.606
5		0.00		4.80		2.758e-02		130.253		6.198e-03		8.879
5		0.00		4.40		2.378e-02		131.973		4.723e-03		9.464
5		0.00		4.00		2.027e-02		131.842		4.187e-03		10.202
5		0.00		3.60		1.614e-02		134.877		3.609e-03		12.999
5		0.00		3.20		1.228e-02		126.521		3.175e-03		23.676
5		0.00		2.80		7.846e-03		130.121		2.287e-03		24.972
5		0.00		2.40		3.575e-03		116.082		1.192e-03		39.560
5		0.00		2.00		1.906e-03		-26.676		7.170e-04		61.470
5		0.00		1.60		5.547e-03		-61.952		2.067e-03		24.046
5		0.00		1.20		9.378e-03		-51.313		2.831e-03		14.309
5		0.00		0.80		1.319e-02		-56.960		4.325e-03		19.038
5		0.00		0.40		1.787e-02		-53.520		5.392e-03		9.883
5		0.00		0.00		2.242e-02		-53.485		5.845e-03		9.438
5		0.00		-0.40		2.622e-02		-53.248		6.095e-03		10.328
5		0.00		-0.80		3.003e-02		-52.862		7.180e-03		10.574
5		0.00		-1.20		3.387e-02		-53.327		8.557e-03		12.357
5		0.00		-1.60		3.747e-02		-51.265		1.036e-02		9.462
5		0.00		-2.00		4.162e-02		-52.738		1.097e-02		8.354
5		0.00		-2.40		4.656e-02		-53.672		9.885e-03		6.388
5		0.00		-2.80		4.853e-02		-53.757		9.908e-03		7.771
5		0.00		-3.20		5.097e-02		-52.709		1.118e-02		9.868
5		0.00		-3.60		5.343e-02		-54.228		1.394e-02		18.086
5		0.00		-4.00		5.527e-02		-51.943		1.522e-02		14.347
5		0.00		-4.40		6.020e-02		-54.500		1.585e-02		8.208
5		0.00		-4.80		6.182e-02		-50.485		1.434e-02		10.099
5		0.00		-5.20		6.108e-02		-54.948		1.693e-02		17.445
5		0.00		-5.60		6.015e-02		-49.708		1.621e-02		12.954
5		0.00		-6.00		6.176e-02		-50.299		1.971e-02		13.969
5		0.00		-6.40		6.252e-02		-50.495		2.001e-02		14.207
5		0.00		-6.80		6.361e-02		-48.007		1.872e-02		9.976
5		0.00		-7.20		6.444e-02		-48.338		1.665e-02		13.210
5		0.00		-7.60		6.462e-02		-51.873		1.759e-02		13.368
5		0.00		-8.00		6.332e-02		-50.002		1.778e-02		12.766
5		0.00		-8.40		5.868e-02		-45.411		1.743e-02		15.784
5		0.00		-8.80		5.775e-02		-44.287		1.791e-02		21.947
5		0.00		-9.20		5.491e-02		-44.793		1.800e-02		11.743
5		0.00		-9.60		5.042e-02		-46.215		1.460e-02		8.219
5		0.00		-10.00		4.383e-02		-46.573		1.193e-02		9.459
5		0.00		-9.60		4.765e-02		-46.963		1.316e-02		11.519
5		0.00		-9.20		5.202e-02		-46.923		1.512e-02		16.587
5		0.00		-8.80		5.453e-02		-44.365		1.650e-02		22.921
5		0.00		-8.40		5.620e-02		-44.181		1.610e-02		17.000
5		0.00		-8.00		5.697e-02		-47.821		1.426e-02		8.038
5		0.00		-7.60		5.551e-02		-48.087		1.251e-02		9.122
5		0.00		-7.20		5.260e-02		-49.858		1.193e-02		11.102
5		0.00		-6.80		5.039e-02		-47.765		1.196e-02		9.538
5		0.00		-6.40		4.735e-02		-48.901		1.198e-02		12.720
5		0.00		-6.00		4.376e-02		-48.067		1.224e-02		13.776
5		0.00		-5.60		4.103e-02		-48.528		1.153e-02		6.738
5		0.00		-5.20		3.788e-02		-50.026		9.042e-03		7.258
5		0.00		-4.80		3.470e-02		-50.959		7.693e-03		8.955
5		0.00		-4.40		3.051e-02		-51.832		6.954e-03		10.323
5		0.00		-4.00		2.670e-02		-49.597		6.203e-03		9.783
5		0.00		-3.60		2.293e-02		-51.661		6.093e-03		19.230
5		0.00		-3.20		1.990e-02		-46.984		5.179e-03		12.913
5		0.00		-2.80		1.606e-02		-49.905		3.764e-03		9.792
5		0.00		-2.40		1.284e-02		-47.427		2.600e-03		12.055
5		0.00		-2.00		8.942e-03		-47.370		1.752e-03		15.204
5		0.00		-1.60		4.981e-03		-39.451		1.418e-03		21.572
5		0.00		-1.20		2.053e-03		-21.515		8.358e-04		55.239
5		0.00		-0.80		3.356e-03		99.721		1.284e-03		38.577
5		0.00		-0.40		7.047e-03		122.370		1.898e-03		16.165
6		0.00		0.00		1.086e-02		122.682		2.290e-03		11.065
6		0.00		0.40		1.483e-02		126.299		2.830e-03		10.897
6		0.00		0.80		1.872e-02		128.074		3.679e-03		8.948
6		0.00		1.20		2.176e-02		129.807		4.372e-03		12.892
6		0.00		1.60		2.468e-02		127.976		5.771e-03		15.810
6		0.00		2.00		2.870e-02		129.970		6.584e-03		8.383
6		0.00		2.40		3.238e-02		129.255		6.387e-03		6.216
6		0.00		2.80		3.503e-02		128.544		6.698e-03		7.777
6		0.00		3.20		3.721e-02		130.508		7.223e-03		9.086
6		0.00		3.60		3.868e-02		130.273		9.532e-03		14.964
6		0.00		4.00		4.119e-02		128.210		1.159e-02		18.374
6		0.00		4.40		4.383e-02		131.787		1.193e-02		8.099
6		0.00		4.80		4.703e-02		130.925		1.080e-02		6.962
6		0.00		5.20		4.950e-02		131.317		1.021e-02		7.099
6		0.00		5.60		5.040e-02		130.587		1.122e-02		9.485
6		0.00		6.00		5.211e-02		129.116		1.424e-02		15.636
6		0.00		6.40		5.412e-02		128.454		1.633e-02		18.511
6		0.00		6.80		5.635e-02		131.834		1.616e-02		7.586
6		0.00		7.20		5.875e-02		131.894		1.419e-02		8.134
6		0.00		7.60		5.892e-02		127.960		1.601e-02		14.671
6		0.00		8.00		6.048e-02		129.769		1.594e-02		11.584
6		0.00		8.40		6.020e-02		129.611		1.707e-02		20.387
6		0.00		8.80		6.476e-02		124.974		2.036e-02		29.073
6		0.00		9.20		6.435e-02		128.649		1.916e-02		19.534
6		0.00		9.60		6.436e-02		126.580		1.763e-02		32.306
6		0.00		10.00		6.034e-02		127.146		1.628e-02		18.149
6		0.00		9.60		5.915e-02		125.084		1.871e-02		18.488
6		0.00		9.20		5.741e-02		126.649		1.799e-02		18.846
6		0.00		8.80		5.705e-02		127.336		1.783e-02		21.527
6		0.00		8.40		5.521e-02		127.147		1.860e-02		24.471
6		0.00		8.00		5.267e-02		130.411		1.449e-02		7.779
6		0.00		7.60		4.966e-02		129.550		1.269e-02		9.026
6		0.00		7.20		4.601e-02		130.235		1.119e-02		10.420
6		0.00		6.80		4.321e-02		128.831		1.154e-02		11.578
6		0.00		6.40		3.988e-02		127.418		1.151e-02		20.522
6		0.00		6.00		3.702e-02		127.555		1.077e-02		21.435
6		0.00		5.60		3.460e-02		131.710		9.289e-03		8.899
6		0.00		5.20		3.179e-02		131.446		7.272e-03		8.464
6		0.00		4.80		2.778e-02		130.632		5.555e-03		9.629
6		0.00		4.40		2.481e-02		130.415		4.662e-03		10.020
6		0.00		4.00		2.125e-02		132.590		4.486e-03		14.230
6		0.00		3.60		1.693e-02		130.946		3.862e-03		20.665
6		0.00		3.20		1.254e-02		130.541		3.228e-03		21.825
6		0.00		2.80		8.935e-03		135.430		1.979e-03		12.707
6		0.00		2.40		4.386e-03		118.660		1.331e-03		42.476
6		0.00		2.00		2.126e-03		-13.941		7.814e-04		81.630
6		0.00		1.60		4.844e-03		-55.307		1.535e-03		27.314
6		0.00		1.20		9.417e-03		-53.661		2.777e-03		16.969
6		0.00		0.80		1.341e-02		-54.303		3.808e-03		13.497
6		0.00		0.40		1.841e-02		-49.923		4.607e-03		8.447
6		0.00		0.00		2.257e-02		-51.991		4.873e-03		8.459
6		0.00		-0.40		2.762e-02		-51.762		5.361e-03		9.026
6		0.00		-0.80		3.086e-02		-51.142		6.566e-03		9.095
6		0.00		-1.20		3.440e-02		-51.694		8.115e-03		9.680
6		0.00		-1.60		3.786e-02		-53.293		1.017e-02		16.259
6		0.00		-2.00		4.233e-02		-52.455		1.130e-02		8.652
6		0.00		-2.40		4.559e-02		-53.398		1.003e-02		7.913
6		0.00		-2.80		4.950e-02		-53.496		1.026e-02		7.974
6		0.00		-3.20		5.166e-02		-53.247		1.119e-02		8.661
6		0.00		-3.60		5.359e-02		-53.053		1.408e-02		14.435
6		0.00		-4.00		5.640e-02		-52.153		1.645e-02		12.800
6		0.00		-4.40		5.987e-02		-51.449		1.706e-02		7.697
6		0.00		-4.80		6.078e-02		-52.234		1.458e-02		9.949
6		0.00		-5.20		6.371e-02		-52.745		1.597e-02		10.149
6		0.00		-5.60		6.306e-02		-49.354		1.595e-02		14.353
6		0.00		-6.00		6.370e-02		-45.974		1.811e-02		12.012
6		0.00		-6.40		6.530e-02		-45.512		1.940e-02		17.418
6		0.00		-6.80		6.473e-02		-46.988		1.787e-02		10.990
6		0.00		-7.20		6.588e-02		-48.275		1.582e-02		10.390
6		0.00		-7.60		6.452e-02		-49.221		1.671e-02		15.642
6		0.00		-8.00		6.328e-02		-47.415		1.729e-02		12.162
6		0.00		-8.40		5.850e-02		-45.882		1.892e-02		24.762
6		0.00		-8.80		5.837e-02		-47.198		1.998e-02		21.715
6		0.00		-9.20		5.478e-02		-45.956		1.824e-02		8.910
6		0.00		-9.60		4.925e-02		-47.862		1.542e-02		11.168
6		0.00		-10.00		4.198e-02		-45.496		1.180e-02		10.642
6		0.00		-9.60		4.602e-02		-49.057		1.553e-02		13.800
6		0.00		-9.20		4.995e-02		-42.493		1.732e-02		15.236
6		0.00		-8.80		5.299e-02		-44.314		1.759e-02		14.112
6		0.00		-8.40		5.427e-02		-47.165		1.498e-02		7.627
6		0.00		-8.00		5.478e-02		-49.526		1.397e-02		10.012
6		0.00		-7.60		5.204e-02		-49.456		1.334e-02		11.833
6		0.00		-7.20		5.084e-02		-49.818		1.387e-02		17.725
6		0.00		-6.80		4.895e-02		-45.368		1.372e-02		12.774
6		0.00		-6.40		4.698e-02		-47.943		1.199e-02		7.569
6		0.00		-6.00		4.439e-02		-48.009		8.600e-03		6.850
6		0.00		-5.60		4.044e-02		-49.526		7.971e-03		9.330
6		0.00		-5.20		3.804e-02		-48.165		8.231e-03		9.415
6		0.00		-4.80		3.393e-02		-51.098		8.333e-03		14.006
6		0.00		-4.40		3.025e-02		-49.803		7.986e-03		10.496
6		0.00		-4.00		2.783e-02		-49.933		6.273e-03		6.737
6		0.00		-3.60		2.432e-02		-48.316		4.438e-03		8.249
6		0.00		-3.20		2.016e-02		-49.735		3.789e-03		8.589
6		0.00		-2.80		1.636e-02		-48.003		3.679e-03		12.421
6		0.00		-2.40		1.245e-02		-46.111		3.386e-03		13.018
6		0.00		-2.00		8.830e-03		-42.302		2.606e-03		14.050
6		0.00		-1.60		5.379e-03		-37.365		1.515e-03		19.269
6		0.00		-1.20		2.313e-03		-27.075		9.263e-04		52.747
6		0.00		-0.80		3.304e-03		98.826		1.363e-03		50.731
6		0.00		-0.40		6.728e-03		120.837		1.971e-03		19.811
7		0.00		0.00		1.026e-02		122.230		3.066e-03		19.835
7		0.00		0.40		1.410e-02		128.855		3.376e-03		9.228
7		0.00		0.80		1.799e-02		129.156		3.484e-03		9.280
7		0.00		1.20		2.152e-02		129.769		4.707e-03		9.312
7		0.00		1.60		2.446e-02		128.116		5.773e-03		14.593
7		0.00		2.00		2.755e-02		129.197		7.021e-03		15.605
7		0.00		2.40		3.098e-02		130.020		7.282e-03		6.469
7		0.00		2.80		3.459e-02		131.492		6.768e-03		6.752
7		0.00		3.20		3.721e-02		130.579		7.257e-03		7.837
7		0.00		3.60		3.960e-02		130.480		9.149e-03		9.998
7		0.00		4.00		4.145e-02		129.260		1.081e-02		19.855
7		0.00		4.40		4.445e-02		130.667		1.211e-02		9.966
7		0.00		4.80		4.684e-02		131.142		1.066e-02		6.706
7		0.00		5.20		4.849e-02		130.429		1.031e-02		7.570
7		0.00		5.60		4.985e-02		130.841		1.166e-02		8.670
7		0.00		6.00		5.046e-02		127.988		1.482e-02		16.320
7		0.00		6.40		5.306e-02		127.003		1.749e-02		21.319
7		0.00		6.80		5.576e-02		129.712		1.766e-02		10.895
7		0.00		7.20		5.664e-02		131.961		1.539e-02		8.629
7		0.00		7.60		5.793e-02		128.992		1.616e-02		12.373
7		0.00		8.00		5.619e-02		127.928		1.798e-02		15.579
7		0.00		8.40		5.777e-02		128.251		1.912e-02		21.453
7		0.00		8.80		6.005e-02		124.980		2.059e-02		30.337
7		0.00		9.20		6.226e-02		126.433		2.166e-02		16.348
7		0.00		9.60		6.084e-02		127.765		1.825e-02		12.090
7		0.00		10.00		5.810e-02		127.391		1.686e-02		13.581
7		0.00		9.60		5.666e-02		125.192		1.599e-02		16.615
7		0.00		9.20		5.788e-02		126.224		1.702e-02		15.276
7		0.00		8.80		5.645e-02		124.775		1.737e-02		23.370
7		0.00		8.40		5.454e-02		126.456		1.701e-02		25.178
7		0.00		8.00		5.319e-02		129.252		1.590e-02		13.527
7		0.00		7.60		4.971e-02		131.202		1.239e-02		8.730
7		0.00		7.20		4.625e-02		130.487		1.059e-02		11.281
7		0.00		6.80		4.303e-02		129.976		1.014e-02		10.045
7		0.00		6.40		4.066e-02		130.469		1.053e-02		11.546
7		0.00		6.00		3.700e-02		128.055		1.076e-02		22.351
7		0.00		5.60		3.389e-02		127.698		1.061e-02		21.505
7		0.00		5.20		3.105e-02		131.578		8.377e-03		8.442
7		0.00		4.80		2.789e-02		131.389		6.330e-03		8.681
7		0.00		4.40		2.433e-02		129.967		5.282e-03		9.809
7		0.00		4.00		2.081e-02		132.666		4.778e-03		10.895
7		0.00		3.60		1.711e-02		131.889		4.446e-03		14.933
7		0.00		3.20		1.322e-02		128.754		3.553e-03		23.742
7		0.00		2.80		9.027e-03		131.793		2.571e-03		27.781
7		0.00		2.40		5.353e-03		128.074		1.678e-03		19.790
7		0.00		2.00		2.124e-03		19.242		8.747e-04		87.410
7		0.00		1.60		3.974e-03		-50.215		1.309e-03		34.636
7		0.00		1.20		8.380e-03		-56.497		2.299e-03		16.475
7		0.00		0.80		1.201e-02		-49.896		3.029e-03		12.986
7		0.00		0.40		1.597e-02		-49.185		4.505e-03		14.717
7		0.00		0.00		2.047e-02		-49.722		5.906e-03		11.843
7		0.00		-0.40		2.476e-02		-51.117		6.054e-03		7.541
7		0.00		-0.80		2.901e-02		-51.763		6.023e-03		7.183
7		0.00		-1.20		3.156e-02		-54.330		7.439e-03		10.516
7		0.00		-1.60		3.454e-02		-51.659		8.546e-03		9.897
7		0.00		-2.00		3.724e-02		-54.078		1.050e-02		17.127
7		0.00		-2.40		4.046e-02		-53.288		1.252e-02		17.831
7		0.00		-2.80		4.462e-02		-52.429		1.315e-02		8.377
7		0.00		-3.20		4.783e-02		-54.245		1.233e-02		6.780
7		0.00		-3.60		5.076e-02		-54.886		1.283e-02		8.936
7		0.00		-4.00		5.050e-02		-54.373		1.358e-02		12.182
7		0.00		-4.40		5.283e-02		-57.116		1.705e-02		19.885
7		0.00		-4.80		5.552e-02		-49.898		1.915e-02		25.120
7		0.00		-5.20		5.653e-02		-50.563		1.908e-02		9.398
7		0.00		-5.60		5.864e-02		-50.396		1.600e-02		9.455
7		0.00		-6.00		5.953e-02		-51.231		1.709e-02		13.138
7		0.00		-6.40		5.670e-02		-53.301		1.738e-02		16.333
7		0.00		-6.80		6.021e-02		-51.425		1.878e-02		14.616
7		0.00		-7.20		6.314e-02		-48.502		2.067e-02		17.397
7		0.00		-7.60		6.260e-02		-51.548		2.009e-02		16.163
7		0.00		-8.00		6.287e-02		-49.366		1.823e-02		10.267
7		0.00		-8.40		6.071e-02		-46.488		1.673e-02		11.114
7		0.00		-8.80		5.612e-02		-47.991		1.555e-02		12.712
7		0.00		-9.20		5.193e-02		-47.893		1.553e-02		13.724
7		0.00		-9.60		4.754e-02		-46.929		1.593e-02		18.457
7		0.00		-10.00		4.135e-02		-37.845		1.354e-02		33.498
7		0.00		-9.60		4.642e-02		-43.318		1.513e-02		16.964
7		0.00		-9.20		5.008e-02		-46.033		1.404e-02		9.618
7		0.00		-8.80		5.159e-02		-46.643		1.395e-02		10.805
7		0.00		-8.40		5.181e-02		-49.163		1.345e-02		12.631
7		0.00		-8.00		5.096e-02		-49.178		1.437e-02		13.055
7		0.00		-7.60		5.057e-02		-51.160		1.543e-02		17.546
7		0.00		-7.20		4.881e-02		-50.932		1.558e-02		20.626
7		0.00		-6.80		4.651e-02		-47.020		1.533e-02		9.170
7		0.00		-6.40		4.464e-02		-47.996		1.271e-02		6.084
7		0.00		-6.00		4.230e-02		-48.807		1.042e-02		7.024
7		0.00		-5.60		3.960e-02		-49.384		8.734e-03		7.966
7		0.00		-5.20		3.614e-02		-49.805		8.256e-03		9.659
7		0.00		-4.80		3.273e-02		-49.460		7.984e-03		9.041
7		0.00		-4.40		2.910e-02		-50.756		6.970e-03		11.800
7		0.00		-4.00		2.596e-02		-52.141		6.398e-03		17.289
7		0.00		-3.60		2.261e-02		-48.973		5.767e-03		11.401
7		0.00		-3.20		1.926e-02		-46.733		4.652e-03		9.356
7		0.00		-2.80		1.627e-02		-49.324		3.561e-03		9.823
7		0.00		-2.40		1.182e-02		-46.130		2.439e-03		12.717
7		0.00		-2.00		8.676e-03		-43.120		1.905e-03		15.366
7		0.00		-1.60		4.947e-03		-41.299		1.455e-03		19.269
7		0.00		-1.20		1.832e-03		-26.531		7.187e-04		63.373
7		0.00		-0.80		3.244e-03		106.348		1.190e-03		28.218
7		0.00		-0.40		6.870e-03		117.546		1.956e-03		26.057
8		0.00		0.00		1.073e-02		127.058		3.251e-03		13.855
8		0.00		0.40		1.464e-02		129.949		3.655e-03		8.603
8		0.00		0.80		1.850e-02		128.996		4.151e-03		7.319
8		0.00		1.20		2.204e-02		130.738		4.190e-03		8.699
8		0.00		1.60		2.528e-02		130.269		5.177e-03		8.426
8		0.00		2.00		2.780e-02		129.734		6.283e-03		9.482
8		0.00		2.40		3.084e-02		128.160		7.890e-03		10.613
8		0.00		2.80		3.293e-02		127.987		8.991e-03		17.178
8		0.00		3.20		3.563e-02		128.767		1.039e-02		19.600
8		0.00		3.60		3.885e-02		131.452		1.075e-02		8.783
8		0.00		4.00		4.207e-02		130.949		1.027e-02		6.509
8		0.00		4.40		4.551e-02		130.649		9.600e-03		6.380
8		0.00		4.80		4.708e-02		131.343		9.656e-03		6.877
8		0.00		5.20		4.803e-02		131.385		1.009e-02		8.667
8		0.00		5.60		5.160e-02		131.711		1.226e-02		9.473
8		0.00		6.00		5.226e-02		128.748		1.388e-02		15.216
8		0.00		6.40		5.516e-02		128.356		1.541e-02		19.176
8		0.00		6.80		5.734e-02		129.364		1.652e-02		10.315
8		0.00		7.20		5.939e-02		131.781		1.506e-02		6.749
8		0.00		7.60		5.911e-02		131.682		1.437e-02		9.535
8		0.00		8.00		5.843e-02		128.629		1.616e-02		14.627
8		0.00		8.40		6.005e-02		128.862		1.737e-02		13.367
8		0.00		8.80		6.101e-02		126.387		1.936e-02		21.290
8		0.00		9.20		6.230e-02		126.834		2.077e-02		25.332
8		0.00		9.60		6.177e-02		125.438		2.100e-02		29.313
8		0.00		10.00		6.001e-02		129.031		1.907e-02		10.335
8		0.00		9.60		6.128e-02		128.541		1.701e-02		11.094
8		0.00		9.20		6.078e-02		128.518		1.671e-02		13.741
8		0.00		8.80		5.618e-02		128.181		1.495e-02		14.499
8		0.00		8.40		5.545e-02		130.016		1.507e-02		12.808
8		0.00		8.00		5.404e-02		128.421		1.539e-02		16.590
8		0.00		7.60		5.139e-02		128.406		1.427e-02		21.434
8		0.00		7.20		4.997e-02		131.926		1.361e-02		9.500
8		0.00		6.80		4.726e-02		131.495		1.128e-02		6.435
8		0.00		6.40		4.431e-02		131.061		9.489e-03		6.460
8		0.00		6.00		4.076e-02		130.914		8.274e-03		8.420
8		0.00		5.60		3.718e-02		131.660		7.685e-03		7.345
8		0.00		5.20		3.362e-02		131.953		7.757e-03		9.542
8		0.00		4.80		2.997e-02		130.513		6.988e-03		17.801
8		0.00		4.40		2.584e-02		131.601		6.417e-03		17.070
8		0.00		4.00		2.254e-02		131.146		5.162e-03		8.014
8		0.00		3.60		1.861e-02		133.232		3.783e-03		6.887
8		0.00		3.20		1.435e-02		134.463		2.712e-03		9.785
8		0.00		2.80		1.007e-02		134.314		1.956e-03		12.119
8		0.00		2.40		5.817e-03		132.455		1.456e-03		20.151
8		0.00		2.00		2.125e-03		71.502		8.267e-04		66.585
8		0.00		1.60		3.693e-03		-62.809		1.519e-03		37.675
8		0.00		1.20		7.898e-03		-58.171		2.389e-03		15.769
8		0.00		0.80		1.246e-02		-54.504		3.306e-03		10.577
8		0.00		0.40		1.676e-02		-50.912		3.698e-03		9.368
8		0.00		0.00		2.118e-02		-51.559		4.074e-03		9.344
8		0.00		-0.40		2.567e-02		-50.859		4.491e-03		7.719
8		0.00		-0.80		2.990e-02		-51.452		5.605e-03		8.187
8		0.00		-1.20		3.369e-02		-50.054		6.737e-03		9.386
8		0.00		-1.60		3.696e-02		-50.889		8.609e-03		11.870
8		0.00		-2.00		4.099e-02		-51.223		1.019e-02		9.769
8		0.00		-2.40		4.518e-02		-51.968		1.073e-02		7.703
8		0.00		-2.80		4.910e-02		-53.591		1.012e-02		6.939
8		0.00		-3.20		5.301e-02		-53.565		1.003e-02		6.150
8		0.00		-3.60		5.591e-02		-53.651		1.028e-02		6.674
8		0.00		-4.00		5.624e-02		-52.745		1.202e-02		10.076
8		0.00		-4.40		5.795e-02		-54.853		1.545e-02		15.881
8		0.00		-4.80		5.764e-02		-53.090		1.631e-02		16.283
8		0.00		-5.20		6.161e-02		-51.823		1.872e-02		12.538
8		0.00		-5.60		6.097e-02		-49.812		1.840e-02		9.012
8		0.00		-6.00		6.326e-02		-50.013		1.704e-02		9.296
8		0.00		-6.40		6.488e-02		-51.795		1.675e-02		11.820
8		0.00		-6.80		6.304e-02		-48.464		1.553e-02		13.199
8		0.00		-7.20		6.415e-02		-48.493		1.654e-02		12.099
8		0.00		-7.60		6.677e-02		-47.874		1.875e-02		12.013
8		0.00		-8.00		6.398e-02		-45.401		1.857e-02		13.233
8		0.00		-8.40		6.314e-02		-47.194		1.915e-02		18.955
8		0.00		-8.80		6.078e-02		-42.042		1.865e-02		21.373
8		0.00		-9.20		5.643e-02		-44.179		1.653e-02		9.847
8		0.00		-9.60		5.189e-02		-46.469		1.447e-02		7.597
8		0.00		-10.00		4.520e-02		-45.408		1.197e-02		8.003
8		0.00		-9.60		4.932e-02		-46.571		1.346e-02		9.474
8		0.00		-9.20		5.182e-02		-45.268		1.406e-02		10.549
8		0.00		-8.80		5.395e-02		-47.187		1.506e-02		15.130
8		0.00		-8.40		5.534e-02		-50.008		1.638e-02		20.608
8		0.00		-8.00		5.544e-02		-44.429		1.707e-02		24.511
8		0.00		-7.60		5.362e-02		-46.602		1.645e-02		15.606
8		0.00		-7.20		5.167e-02		-47.733		1.501e-02		7.850
8		0.00		-6.80		4.897e-02		-47.861		1.238e-02		7.640
8		0.00		-6.40		4.593e-02		-48.430		1.055e-02		7.779
8		0.00		-6.00		4.310e-02		-48.437		9.623e-03		8.275
8		0.00		-5.60		3.971e-02		-48.746		9.533e-03		10.187
8		0.00		-5.20		3.659e-02		-48.250		9.809e-03		9.543
8		0.00		-4.80		3.311e-02		-51.013		9.105e-03		14.329
8		0.00		-4.40		2.973e-02		-49.967		8.373e-03		15.732
8		0.00		-4.00		2.583e-02		-49.984		7.538e-03		12.121
8		0.00		-3.60		2.328e-02		-50.063		6.397e-03		6.252
8		0.00		-3.20		1.991e-02		-48.633		4.694e-03		7.937
8		0.00		-2.80		1.677e-02		-48.345		3.164e-03		9.185
8		0.00		-2.40		1.285e-02		-46.215		2.174e-03		10.228
8		0.00		-2.00		9.047e-03		-45.508		1.898e-03		11.574
8		0.00		-1.60		5.417e-03		-42.067		1.619e-03		15.443
8		0.00		-1.20		1.939e-03		-15.805		8.579e-04		53.644
8		0.00		-0.80		3.247e-03		101.801		1.103e-03		37.500
8		0.00		-0.40		6.900e-03		119.777		2.043e-03		20.933
