# Date of analysis: 2023-11-20 16;19
# 
# Loop index	Read Volt (V)	Write Volt (V)	Amplitude (a.u)	Phase (deg)	Sigma Amp (a.u)	Sigma Pha (deg)	
1		0.00		0.00		7.253e-03		-78.855		5.412e-03		61.477
1		0.00		0.40		9.388e-03		-53.897		2.205e-03		14.954
1		0.00		0.80		4.830e-03		-50.437		1.296e-03		22.920
1		0.00		1.20		1.709e-03		-8.983		6.960e-04		65.810
1		0.00		1.60		4.106e-03		112.854		1.608e-03		48.237
1		0.00		2.00		7.573e-03		126.434		2.652e-03		20.218
1		0.00		2.40		1.129e-02		126.996		4.009e-03		22.924
1		0.00		2.80		1.528e-02		122.707		5.184e-03		27.870
1		0.00		3.20		1.897e-02		127.624		6.403e-03		22.548
1		0.00		3.60		2.235e-02		130.064		6.888e-03		11.404
1		0.00		4.00		2.583e-02		128.725		7.813e-03		13.601
1		0.00		4.40		2.886e-02		127.457		8.334e-03		14.337
1		0.00		4.80		3.066e-02		127.456		8.624e-03		14.733
1		0.00		5.20		3.267e-02		126.152		1.020e-02		15.242
1		0.00		5.60		3.569e-02		126.814		1.142e-02		15.614
1		0.00		6.00		3.789e-02		124.110		1.187e-02		23.764
1		0.00		6.40		4.062e-02		124.974		1.330e-02		26.471
1		0.00		6.80		4.386e-02		127.750		1.471e-02		20.940
1		0.00		7.20		4.683e-02		129.072		1.546e-02		9.927
1		0.00		7.60		4.892e-02		127.066		1.438e-02		19.984
1		0.00		8.00		4.962e-02		124.993		1.537e-02		21.614
1		0.00		8.40		4.960e-02		126.613		1.471e-02		16.510
1		0.00		8.80		5.043e-02		126.011		1.617e-02		20.111
1		0.00		9.20		5.283e-02		123.704		1.729e-02		20.417
1		0.00		9.60		5.278e-02		120.634		1.939e-02		28.669
1		0.00		10.00		4.937e-02		125.217		1.855e-02		27.788
1		0.00		9.60		5.050e-02		123.700		1.907e-02		22.021
1		0.00		9.20		4.986e-02		126.616		1.645e-02		12.834
1		0.00		8.80		4.711e-02		124.655		1.482e-02		16.837
1		0.00		8.40		4.458e-02		127.252		1.323e-02		14.873
1		0.00		8.00		3.964e-02		126.080		1.219e-02		17.957
1		0.00		7.60		3.817e-02		126.648		1.216e-02		16.687
1		0.00		7.20		3.634e-02		124.086		1.223e-02		25.067
1		0.00		6.80		3.356e-02		122.582		1.175e-02		33.707
1		0.00		6.40		3.135e-02		126.380		1.052e-02		28.280
1		0.00		6.00		2.968e-02		128.903		8.511e-03		11.246
1		0.00		5.60		2.647e-02		128.498		6.525e-03		13.317
1		0.00		5.20		2.350e-02		128.282		5.387e-03		13.507
1		0.00		4.80		1.941e-02		126.923		4.910e-03		15.730
1		0.00		4.40		1.640e-02		130.718		3.876e-03		14.462
1		0.00		4.00		1.212e-02		127.672		3.330e-03		20.135
1		0.00		3.60		8.734e-03		126.305		2.452e-03		24.584
1		0.00		3.20		4.528e-03		126.304		1.379e-03		42.037
1		0.00		2.80		2.047e-03		10.175		8.276e-04		76.039
1		0.00		2.40		4.530e-03		-63.501		1.810e-03		31.701
1		0.00		2.00		8.366e-03		-57.744		2.791e-03		18.484
1		0.00		1.60		1.256e-02		-57.102		3.535e-03		14.168
1		0.00		1.20		1.727e-02		-53.642		4.564e-03		14.039
1		0.00		0.80		2.126e-02		-54.823		6.233e-03		13.476
1		0.00		0.40		2.441e-02		-53.969		6.958e-03		11.677
1		0.00		0.00		2.915e-02		-51.808		8.480e-03		13.267
1		0.00		-0.40		3.323e-02		-53.122		9.920e-03		11.873
1		0.00		-0.80		3.775e-02		-54.758		1.044e-02		9.389
1		0.00		-1.20		4.196e-02		-54.423		1.063e-02		9.649
1		0.00		-1.60		4.460e-02		-56.093		1.115e-02		10.367
1		0.00		-2.00		4.721e-02		-56.566		1.186e-02		11.459
1		0.00		-2.40		4.900e-02		-56.241		1.391e-02		15.429
1		0.00		-2.80		5.208e-02		-52.656		1.498e-02		21.488
1		0.00		-3.20		5.296e-02		-49.553		1.568e-02		22.419
1		0.00		-3.60		5.779e-02		-53.004		1.687e-02		10.323
1		0.00		-4.00		5.744e-02		-57.295		1.705e-02		19.990
1		0.00		-4.40		5.924e-02		-57.135		1.729e-02		21.029
1		0.00		-4.80		5.802e-02		-61.043		2.049e-02		23.112
1		0.00		-5.20		5.923e-02		-51.524		1.667e-02		18.001
1		0.00		-5.60		6.116e-02		-46.673		1.813e-02		10.854
1		0.00		-6.00		5.796e-02		-50.240		1.791e-02		19.043
1		0.00		-6.40		5.961e-02		-47.248		1.903e-02		15.692
1		0.00		-6.80		6.341e-02		-49.660		1.902e-02		12.326
1		0.00		-7.20		6.307e-02		-51.124		1.805e-02		15.687
1		0.00		-7.60		5.808e-02		-51.656		1.609e-02		17.943
1		0.00		-8.00		5.667e-02		-53.690		1.832e-02		18.877
1		0.00		-8.40		5.779e-02		-48.188		1.741e-02		14.022
1		0.00		-8.80		5.311e-02		-44.336		1.840e-02		25.522
1		0.00		-9.20		5.116e-02		-36.964		1.841e-02		26.473
1		0.00		-9.60		4.756e-02		-43.824		1.663e-02		16.071
1		0.00		-10.00		4.191e-02		-48.901		1.308e-02		9.596
1		0.00		-9.60		4.637e-02		-50.632		1.469e-02		12.518
1		0.00		-9.20		4.915e-02		-49.558		1.468e-02		15.605
1		0.00		-8.80		5.100e-02		-49.133		1.371e-02		14.612
1		0.00		-8.40		5.299e-02		-48.675		1.505e-02		15.429
1		0.00		-8.00		5.312e-02		-48.697		1.558e-02		20.260
1		0.00		-7.60		5.128e-02		-46.198		1.563e-02		26.573
1		0.00		-7.20		5.120e-02		-47.466		1.475e-02		12.236
1		0.00		-6.80		4.946e-02		-51.077		1.198e-02		9.869
1		0.00		-6.40		4.684e-02		-50.419		1.068e-02		8.771
1		0.00		-6.00		4.263e-02		-51.516		9.932e-03		13.148
1		0.00		-5.60		3.969e-02		-53.071		9.668e-03		13.147
1		0.00		-5.20		3.620e-02		-52.685		1.030e-02		14.969
1		0.00		-4.80		3.298e-02		-53.756		9.808e-03		19.062
1		0.00		-4.40		3.004e-02		-52.364		9.387e-03		16.429
1		0.00		-4.00		2.679e-02		-52.617		8.213e-03		9.549
1		0.00		-3.60		2.422e-02		-52.975		6.900e-03		10.786
1		0.00		-3.20		2.085e-02		-55.663		4.854e-03		13.950
1		0.00		-2.80		1.733e-02		-53.353		4.029e-03		15.389
1		0.00		-2.40		1.383e-02		-52.758		3.365e-03		14.491
1		0.00		-2.00		1.013e-02		-49.404		2.729e-03		18.279
1		0.00		-1.60		6.677e-03		-44.212		1.929e-03		20.103
1		0.00		-1.20		3.313e-03		-44.492		1.124e-03		26.396
1		0.00		-0.80		2.200e-03		43.405		9.155e-04		84.770
1		0.00		-0.40		4.804e-03		121.496		1.747e-03		39.010
2		0.00		0.00		8.769e-03		124.650		2.681e-03		11.296
2		0.00		0.40		1.227e-02		125.579		3.588e-03		13.998
2		0.00		0.80		1.569e-02		125.921		4.303e-03		16.013
2		0.00		1.20		1.849e-02		124.457		5.529e-03		23.777
2		0.00		1.60		2.175e-02		130.363		6.072e-03		17.436
2		0.00		2.00		2.587e-02		129.713		7.053e-03		10.270
2		0.00		2.40		2.872e-02		128.194		7.175e-03		9.995
2		0.00		2.80		3.163e-02		127.078		7.796e-03		11.536
2		0.00		3.20		3.338e-02		128.056		8.969e-03		12.092
2		0.00		3.60		3.522e-02		128.303		1.041e-02		13.755
2		0.00		4.00		3.683e-02		122.905		1.261e-02		25.662
2		0.00		4.40		3.931e-02		125.825		1.387e-02		22.315
2		0.00		4.80		4.221e-02		130.316		1.445e-02		8.650
2		0.00		5.20		4.430e-02		129.207		1.327e-02		9.706
2		0.00		5.60		4.575e-02		127.945		1.394e-02		11.034
2		0.00		6.00		4.502e-02		127.026		1.412e-02		15.426
2		0.00		6.40		4.669e-02		123.384		1.591e-02		22.049
2		0.00		6.80		4.853e-02		124.444		1.694e-02		29.013
2		0.00		7.20		5.124e-02		126.031		1.767e-02		24.600
2		0.00		7.60		5.489e-02		129.086		1.672e-02		11.348
2		0.00		8.00		5.663e-02		127.864		1.596e-02		13.759
2		0.00		8.40		5.395e-02		122.695		1.861e-02		26.328
2		0.00		8.80		5.527e-02		123.601		1.887e-02		21.374
2		0.00		9.20		5.762e-02		122.405		2.050e-02		23.497
2		0.00		9.60		5.662e-02		120.555		1.982e-02		33.389
2		0.00		10.00		5.397e-02		128.411		1.838e-02		19.368
2		0.00		9.60		5.522e-02		125.776		1.645e-02		12.721
2		0.00		9.20		5.477e-02		127.087		1.562e-02		14.656
2		0.00		8.80		4.883e-02		127.114		1.427e-02		17.720
2		0.00		8.40		4.639e-02		126.455		1.391e-02		15.374
2		0.00		8.00		4.476e-02		123.102		1.489e-02		26.239
2		0.00		7.60		4.195e-02		126.418		1.447e-02		23.400
2		0.00		7.20		4.031e-02		129.493		1.171e-02		8.413
2		0.00		6.80		3.694e-02		128.387		1.008e-02		13.761
2		0.00		6.40		3.332e-02		127.858		9.538e-03		13.621
2		0.00		6.00		3.109e-02		126.956		9.501e-03		15.844
2		0.00		5.60		2.794e-02		125.680		9.151e-03		28.378
2		0.00		5.20		2.524e-02		130.342		7.881e-03		18.164
2		0.00		4.80		2.307e-02		131.056		5.771e-03		11.041
2		0.00		4.40		1.933e-02		129.334		4.369e-03		12.069
2		0.00		4.00		1.497e-02		129.786		3.455e-03		15.031
2		0.00		3.60		1.128e-02		129.133		3.163e-03		21.895
2		0.00		3.20		7.509e-03		129.421		2.237e-03		29.512
2		0.00		2.80		3.814e-03		124.495		1.478e-03		37.904
2		0.00		2.40		2.084e-03		-25.077		7.987e-04		73.681
2		0.00		2.00		4.720e-03		-68.065		1.757e-03		32.438
2		0.00		1.60		8.992e-03		-54.536		3.068e-03		16.617
2		0.00		1.20		1.273e-02		-51.986		3.852e-03		15.503
2		0.00		0.80		1.745e-02		-54.914		5.323e-03		14.151
2		0.00		0.40		2.175e-02		-53.842		5.974e-03		10.307
2		0.00		0.00		2.602e-02		-55.077		6.225e-03		11.023
2		0.00		-0.40		2.971e-02		-53.550		7.797e-03		12.592
2		0.00		-0.80		3.167e-02		-53.818		1.010e-02		16.057
2		0.00		-1.20		3.555e-02		-52.283		1.215e-02		11.644
2		0.00		-1.60		4.000e-02		-55.147		1.293e-02		10.526
2		0.00		-2.00		4.333e-02		-55.806		1.180e-02		9.994
2		0.00		-2.40		4.507e-02		-55.966		1.260e-02		12.148
2		0.00		-2.80		4.544e-02		-58.002		1.466e-02		17.846
2		0.00		-3.20		4.870e-02		-52.745		1.621e-02		22.804
2		0.00		-3.60		5.261e-02		-53.178		1.776e-02		10.223
2		0.00		-4.00		5.510e-02		-56.049		1.539e-02		12.148
2		0.00		-4.40		5.621e-02		-58.370		1.720e-02		16.129
2		0.00		-4.80		5.431e-02		-56.207		1.579e-02		17.174
2		0.00		-5.20		5.703e-02		-53.688		1.761e-02		22.307
2		0.00		-5.60		5.801e-02		-47.215		1.742e-02		22.580
2		0.00		-6.00		6.161e-02		-51.868		1.791e-02		11.805
2		0.00		-6.40		6.130e-02		-52.756		1.668e-02		15.179
2		0.00		-6.80		5.787e-02		-52.878		1.659e-02		17.832
2		0.00		-7.20		6.171e-02		-52.448		1.879e-02		17.906
2		0.00		-7.60		5.985e-02		-48.442		1.846e-02		23.083
2		0.00		-8.00		6.241e-02		-50.188		1.773e-02		10.283
2		0.00		-8.40		5.955e-02		-51.075		1.812e-02		15.951
2		0.00		-8.80		5.209e-02		-50.726		1.669e-02		18.405
2		0.00		-9.20		5.114e-02		-47.247		1.747e-02		24.047
2		0.00		-9.60		4.564e-02		-38.328		1.676e-02		32.721
2		0.00		-10.00		4.075e-02		-44.938		1.365e-02		14.936
2		0.00		-9.60		4.498e-02		-49.041		1.406e-02		12.580
2		0.00		-9.20		4.716e-02		-49.941		1.469e-02		16.467
2		0.00		-8.80		4.837e-02		-49.403		1.473e-02		16.514
2		0.00		-8.40		5.221e-02		-48.116		1.685e-02		18.871
2		0.00		-8.00		5.265e-02		-46.576		1.782e-02		12.659
2		0.00		-7.60		5.220e-02		-49.277		1.421e-02		8.220
2		0.00		-7.20		4.897e-02		-51.510		1.289e-02		11.254
2		0.00		-6.80		4.540e-02		-51.749		1.235e-02		14.415
2		0.00		-6.40		4.370e-02		-51.942		1.247e-02		21.270
2		0.00		-6.00		4.162e-02		-45.227		1.189e-02		18.294
2		0.00		-5.60		4.014e-02		-49.593		9.456e-03		9.022
2		0.00		-5.20		3.632e-02		-52.828		7.957e-03		11.284
2		0.00		-4.80		3.248e-02		-52.095		7.925e-03		13.343
2		0.00		-4.40		2.859e-02		-51.985		7.315e-03		14.483
2		0.00		-4.00		2.614e-02		-52.464		7.125e-03		13.376
2		0.00		-3.60		2.301e-02		-51.643		5.621e-03		10.248
2		0.00		-3.20		1.999e-02		-52.200		4.202e-03		12.724
2		0.00		-2.80		1.641e-02		-53.038		3.616e-03		13.612
2		0.00		-2.40		1.270e-02		-50.545		3.045e-03		15.972
2		0.00		-2.00		8.989e-03		-45.623		2.643e-03		15.434
2		0.00		-1.60		5.893e-03		-41.572		1.672e-03		25.591
2		0.00		-1.20		2.665e-03		-38.571		1.002e-03		46.017
2		0.00		-0.80		2.260e-03		70.648		9.988e-04		58.771
2		0.00		-0.40		5.169e-03		115.616		1.834e-03		36.196
3		0.00		0.00		8.543e-03		120.810		3.010e-03		28.869
3		0.00		0.40		1.215e-02		125.493		3.935e-03		13.488
3		0.00		0.80		1.571e-02		129.322		4.257e-03		9.380
3		0.00		1.20		1.836e-02		126.232		4.958e-03		11.789
3		0.00		1.60		2.114e-02		127.074		6.092e-03		13.518
3		0.00		2.00		2.419e-02		125.230		7.336e-03		24.989
3		0.00		2.40		2.754e-02		128.721		7.903e-03		11.258
3		0.00		2.80		3.061e-02		128.598		7.598e-03		9.593
3		0.00		3.20		3.240e-02		127.706		8.328e-03		12.427
3		0.00		3.60		3.468e-02		128.746		8.905e-03		12.805
3		0.00		4.00		3.753e-02		126.383		1.069e-02		22.277
3		0.00		4.40		3.961e-02		129.942		1.193e-02		19.623
3		0.00		4.80		4.244e-02		129.887		1.077e-02		10.437
3		0.00		5.20		4.460e-02		129.766		1.049e-02		10.102
3		0.00		5.60		4.503e-02		129.041		1.165e-02		13.550
3		0.00		6.00		4.858e-02		126.926		1.422e-02		20.523
3		0.00		6.40		5.016e-02		126.860		1.630e-02		21.477
3		0.00		6.80		5.300e-02		130.279		1.574e-02		9.724
3		0.00		7.20		5.335e-02		127.653		1.572e-02		13.867
3		0.00		7.60		5.303e-02		126.526		1.649e-02		17.690
3		0.00		8.00		5.442e-02		126.030		1.806e-02		19.037
3		0.00		8.40		5.674e-02		125.434		1.970e-02		28.620
3		0.00		8.80		5.821e-02		124.791		1.975e-02		29.198
3		0.00		9.20		5.874e-02		125.455		1.771e-02		32.964
3		0.00		9.60		5.500e-02		123.300		1.727e-02		21.775
3		0.00		10.00		4.974e-02		122.354		1.648e-02		22.626
3		0.00		9.60		5.460e-02		122.602		1.921e-02		19.985
3		0.00		9.20		5.320e-02		124.670		1.751e-02		25.975
3		0.00		8.80		5.390e-02		129.009		1.633e-02		16.765
3		0.00		8.40		5.207e-02		130.415		1.380e-02		10.559
3		0.00		8.00		4.811e-02		128.395		1.261e-02		11.832
3		0.00		7.60		4.435e-02		128.262		1.151e-02		13.150
3		0.00		7.20		4.288e-02		127.735		1.256e-02		15.971
3		0.00		6.80		3.945e-02		126.813		1.150e-02		26.131
3		0.00		6.40		3.700e-02		127.801		1.071e-02		24.423
3		0.00		6.00		3.415e-02		129.534		8.076e-03		10.364
3		0.00		5.60		3.060e-02		129.580		6.874e-03		11.538
3		0.00		5.20		2.699e-02		128.725		6.776e-03		13.606
3		0.00		4.80		2.339e-02		129.305		6.228e-03		12.463
3		0.00		4.40		1.949e-02		125.216		5.728e-03		24.682
3		0.00		4.00		1.626e-02		129.882		4.989e-03		23.917
3		0.00		3.60		1.306e-02		133.603		3.790e-03		12.942
3		0.00		3.20		8.781e-03		129.780		2.043e-03		12.975
3		0.00		2.80		5.169e-03		126.186		1.581e-03		29.749
3		0.00		2.40		2.175e-03		35.619		1.033e-03		84.417
3		0.00		2.00		3.526e-03		-54.825		1.680e-03		41.497
3		0.00		1.60		7.201e-03		-53.862		2.571e-03		20.939
3		0.00		1.20		1.093e-02		-51.436		3.761e-03		16.110
3		0.00		0.80		1.562e-02		-55.579		4.638e-03		10.648
3		0.00		0.40		1.993e-02		-55.316		5.430e-03		10.519
3		0.00		0.00		2.329e-02		-55.770		6.263e-03		12.742
3		0.00		-0.40		2.720e-02		-53.227		6.713e-03		12.396
3		0.00		-0.80		2.991e-02		-53.945		8.141e-03		14.373
3		0.00		-1.20		3.348e-02		-52.476		9.819e-03		14.375
3		0.00		-1.60		3.703e-02		-52.693		1.108e-02		12.216
3		0.00		-2.00		4.109e-02		-53.667		1.063e-02		9.193
3		0.00		-2.40		4.361e-02		-54.366		1.073e-02		9.716
3		0.00		-2.80		4.652e-02		-56.463		1.183e-02		12.242
3		0.00		-3.20		4.791e-02		-55.984		1.274e-02		13.914
3		0.00		-3.60		5.079e-02		-56.082		1.578e-02		14.621
3		0.00		-4.00		5.148e-02		-49.807		1.735e-02		17.976
3		0.00		-4.40		5.467e-02		-53.488		1.859e-02		9.700
3		0.00		-4.80		5.808e-02		-53.653		1.721e-02		9.310
3		0.00		-5.20		5.655e-02		-56.784		1.784e-02		16.506
3		0.00		-5.60		5.391e-02		-58.264		1.797e-02		19.189
3		0.00		-6.00		5.862e-02		-54.584		1.872e-02		17.323
3		0.00		-6.40		5.900e-02		-53.253		1.852e-02		20.856
3		0.00		-6.80		5.868e-02		-47.154		2.051e-02		21.069
3		0.00		-7.20		6.159e-02		-49.783		1.861e-02		11.345
3		0.00		-7.60		6.031e-02		-49.270		1.599e-02		13.654
3		0.00		-8.00		6.096e-02		-50.536		1.710e-02		15.945
3		0.00		-8.40		5.659e-02		-50.971		1.631e-02		16.422
3		0.00		-8.80		5.681e-02		-50.343		1.762e-02		21.520
3		0.00		-9.20		5.293e-02		-37.677		1.743e-02		32.309
3		0.00		-9.60		4.860e-02		-42.700		1.598e-02		24.190
3		0.00		-10.00		4.173e-02		-47.298		1.274e-02		9.929
3		0.00		-9.60		4.588e-02		-49.072		1.336e-02		12.604
3		0.00		-9.20		4.846e-02		-47.864		1.388e-02		14.569
3		0.00		-8.80		5.084e-02		-49.499		1.516e-02		14.774
3		0.00		-8.40		5.230e-02		-45.360		1.671e-02		18.707
3		0.00		-8.00		5.251e-02		-49.382		1.777e-02		17.306
3		0.00		-7.60		5.183e-02		-49.189		1.518e-02		8.449
3		0.00		-7.20		4.975e-02		-52.020		1.391e-02		12.063
3		0.00		-6.80		4.577e-02		-51.143		1.281e-02		12.430
3		0.00		-6.40		4.248e-02		-50.803		1.254e-02		13.653
3		0.00		-6.00		4.056e-02		-54.119		1.305e-02		20.484
3		0.00		-5.60		3.700e-02		-49.407		1.163e-02		20.317
3		0.00		-5.20		3.511e-02		-49.790		1.035e-02		10.190
3		0.00		-4.80		3.195e-02		-52.594		7.813e-03		10.408
3		0.00		-4.40		2.826e-02		-54.052		6.569e-03		12.142
3		0.00		-4.00		2.486e-02		-54.133		6.069e-03		13.354
3		0.00		-3.60		2.173e-02		-51.238		5.395e-03		14.426
3		0.00		-3.20		1.867e-02		-52.909		5.059e-03		16.730
3		0.00		-2.80		1.618e-02		-51.434		4.369e-03		12.096
3		0.00		-2.40		1.271e-02		-50.660		3.190e-03		12.626
3		0.00		-2.00		9.016e-03		-48.685		2.035e-03		13.774
3		0.00		-1.60		5.717e-03		-48.544		1.585e-03		15.939
3		0.00		-1.20		2.696e-03		-46.970		9.963e-04		41.342
3		0.00		-0.80		2.236e-03		67.467		8.159e-04		74.670
3		0.00		-0.40		5.458e-03		120.775		2.032e-03		30.508
4		0.00		0.00		8.311e-03		124.000		2.523e-03		24.511
4		0.00		0.40		1.185e-02		129.271		3.236e-03		13.477
4		0.00		0.80		1.503e-02		129.568		3.875e-03		12.011
4		0.00		1.20		1.794e-02		129.378		4.654e-03		12.690
4		0.00		1.60		2.073e-02		126.221		6.297e-03		20.566
4		0.00		2.00		2.323e-02		124.654		7.605e-03		26.894
4		0.00		2.40		2.646e-02		129.949		8.148e-03		11.454
4		0.00		2.80		2.906e-02		131.365		7.562e-03		9.592
4		0.00		3.20		3.127e-02		127.744		7.853e-03		12.656
4		0.00		3.60		3.362e-02		128.792		9.361e-03		11.700
4		0.00		4.00		3.492e-02		127.824		1.028e-02		14.019
4		0.00		4.40		3.693e-02		124.495		1.204e-02		25.200
4		0.00		4.80		3.967e-02		128.777		1.324e-02		22.371
4		0.00		5.20		4.285e-02		130.805		1.209e-02		8.227
4		0.00		5.60		4.441e-02		129.521		1.186e-02		11.715
4		0.00		6.00		4.654e-02		127.968		1.294e-02		12.964
4		0.00		6.40		4.782e-02		127.028		1.416e-02		13.648
4		0.00		6.80		5.009e-02		124.425		1.649e-02		24.009
4		0.00		7.20		5.149e-02		125.900		1.739e-02		29.348
4		0.00		7.60		5.296e-02		128.828		1.675e-02		18.105
4		0.00		8.00		5.441e-02		129.291		1.672e-02		12.380
4		0.00		8.40		5.606e-02		129.912		1.679e-02		12.915
4		0.00		8.80		5.678e-02		127.808		1.765e-02		16.896
4		0.00		9.20		5.443e-02		121.970		1.845e-02		25.689
4		0.00		9.60		5.418e-02		118.334		2.145e-02		28.881
4		0.00		10.00		5.273e-02		120.081		2.179e-02		34.926
4		0.00		9.60		5.146e-02		120.944		2.060e-02		27.124
4		0.00		9.20		5.173e-02		126.500		1.832e-02		13.528
4		0.00		8.80		4.944e-02		128.426		1.502e-02		14.345
4		0.00		8.40		4.619e-02		127.754		1.428e-02		16.364
4		0.00		8.00		4.350e-02		125.983		1.435e-02		17.358
4		0.00		7.60		4.174e-02		123.572		1.432e-02		19.172
4		0.00		7.20		3.980e-02		122.860		1.380e-02		29.745
4		0.00		6.80		3.774e-02		125.923		1.267e-02		28.457
4		0.00		6.40		3.591e-02		130.841		1.006e-02		8.731
4		0.00		6.00		3.324e-02		129.511		8.142e-03		11.450
4		0.00		5.60		3.032e-02		130.342		7.399e-03		12.359
4		0.00		5.20		2.705e-02		130.215		7.084e-03		12.987
4		0.00		4.80		2.336e-02		129.121		6.429e-03		16.316
4		0.00		4.40		2.053e-02		126.276		5.866e-03		27.824
4		0.00		4.00		1.745e-02		127.130		5.026e-03		30.071
4		0.00		3.60		1.435e-02		131.341		3.512e-03		10.420
4		0.00		3.20		1.070e-02		133.331		2.381e-03		14.992
4		0.00		2.80		6.862e-03		130.806		1.851e-03		21.793
4		0.00		2.40		3.151e-03		83.911		1.134e-03		85.792
4		0.00		2.00		2.491e-03		-35.982		1.135e-03		57.691
4		0.00		1.60		4.928e-03		-57.428		2.056e-03		28.123
4		0.00		1.20		8.888e-03		-52.857		3.402e-03		19.711
4		0.00		0.80		1.285e-02		-53.691		4.465e-03		13.400
4		0.00		0.40		1.680e-02		-54.792		4.714e-03		12.143
4		0.00		0.00		2.009e-02		-56.249		5.643e-03		12.388
4		0.00		-0.40		2.418e-02		-52.248		7.143e-03		14.262
4		0.00		-0.80		2.720e-02		-54.562		8.476e-03		18.844
4		0.00		-1.20		3.063e-02		-50.272		9.969e-03		18.705
4		0.00		-1.60		3.470e-02		-54.153		1.051e-02		9.108
4		0.00		-2.00		3.825e-02		-55.572		9.863e-03		10.569
4		0.00		-2.40		3.973e-02		-56.028		1.082e-02		13.906
4		0.00		-2.80		4.345e-02		-56.111		1.275e-02		15.730
4		0.00		-3.20		4.580e-02		-52.361		1.460e-02		25.564
4		0.00		-3.60		4.907e-02		-52.164		1.585e-02		13.875
4		0.00		-4.00		5.118e-02		-55.509		1.380e-02		10.932
4		0.00		-4.40		5.347e-02		-58.672		1.542e-02		15.445
4		0.00		-4.80		5.199e-02		-55.638		1.446e-02		15.573
4		0.00		-5.20		5.533e-02		-57.821		1.766e-02		21.498
4		0.00		-5.60		5.801e-02		-50.189		1.979e-02		19.843
4		0.00		-6.00		5.823e-02		-50.836		1.814e-02		10.884
4		0.00		-6.40		6.023e-02		-53.733		1.851e-02		11.845
4		0.00		-6.80		5.829e-02		-53.989		1.920e-02		17.294
4		0.00		-7.20		5.720e-02		-55.975		1.926e-02		20.013
4		0.00		-7.60		5.874e-02		-47.981		2.269e-02		28.029
4		0.00		-8.00		5.727e-02		-43.209		2.134e-02		30.621
4		0.00		-8.40		5.728e-02		-49.114		1.855e-02		10.745
4		0.00		-8.80		5.188e-02		-48.693		1.524e-02		14.839
4		0.00		-9.20		4.730e-02		-49.628		1.527e-02		15.188
4		0.00		-9.60		4.374e-02		-48.812		1.661e-02		24.765
4		0.00		-10.00		3.887e-02		-35.366		1.434e-02		25.472
4		0.00		-9.60		4.306e-02		-47.510		1.447e-02		10.058
4		0.00		-9.20		4.754e-02		-47.999		1.438e-02		11.691
4		0.00		-8.80		4.784e-02		-50.112		1.398e-02		15.383
4		0.00		-8.40		5.056e-02		-51.558		1.543e-02		16.415
4		0.00		-8.00		5.206e-02		-44.030		1.675e-02		23.210
4		0.00		-7.60		4.968e-02		-47.901		1.517e-02		14.391
4		0.00		-7.20		4.776e-02		-49.763		1.209e-02		10.987
4		0.00		-6.80		4.493e-02		-50.366		1.087e-02		12.318
4		0.00		-6.40		4.218e-02		-50.522		1.075e-02		13.580
4		0.00		-6.00		3.993e-02		-51.528		1.119e-02		17.133
4		0.00		-5.60		3.692e-02		-46.856		1.111e-02		15.560
4		0.00		-5.20		3.437e-02		-49.963		9.620e-03		8.346
4		0.00		-4.80		3.128e-02		-52.935		7.315e-03		10.928
4		0.00		-4.40		2.804e-02		-52.320		6.844e-03		11.671
4		0.00		-4.00		2.439e-02		-52.804		6.625e-03		12.807
4		0.00		-3.60		2.104e-02		-51.938		6.083e-03		22.397
4		0.00		-3.20		1.769e-02		-52.688		5.224e-03		13.822
4		0.00		-2.80		1.546e-02		-47.973		3.881e-03		10.982
4		0.00		-2.40		1.213e-02		-49.013		2.781e-03		14.444
4		0.00		-2.00		8.953e-03		-47.218		2.267e-03		14.054
4		0.00		-1.60		5.420e-03		-42.422		1.636e-03		18.992
4		0.00		-1.20		2.661e-03		-35.707		1.081e-03		35.909
4		0.00		-0.80		2.253e-03		70.121		9.696e-04		64.038
4		0.00		-0.40		5.402e-03		120.456		1.744e-03		17.218
5		0.00		0.00		8.971e-03		119.678		2.379e-03		13.410
5		0.00		0.40		1.212e-02		127.528		3.076e-03		13.696
5		0.00		0.80		1.500e-02		124.791		4.329e-03		21.295
5		0.00		1.20		1.889e-02		129.980		5.151e-03		9.075
5		0.00		1.60		2.172e-02		128.616		5.462e-03		9.862
5		0.00		2.00		2.454e-02		127.423		5.920e-03		11.455
5		0.00		2.40		2.748e-02		130.527		6.931e-03		11.353
5		0.00		2.80		2.994e-02		124.785		8.558e-03		22.562
5		0.00		3.20		3.253e-02		129.482		9.603e-03		17.809
5		0.00		3.60		3.474e-02		130.029		9.113e-03		8.914
5		0.00		4.00		3.670e-02		128.782		9.500e-03		10.389
5		0.00		4.40		3.810e-02		128.552		1.068e-02		12.139
5		0.00		4.80		3.961e-02		125.875		1.339e-02		20.632
5		0.00		5.20		4.245e-02		124.178		1.528e-02		27.973
5		0.00		5.60		4.414e-02		130.651		1.407e-02		8.163
5		0.00		6.00		4.555e-02		128.604		1.343e-02		12.232
5		0.00		6.40		4.616e-02		127.031		1.419e-02		14.426
5		0.00		6.80		4.791e-02		123.712		1.671e-02		23.337
5		0.00		7.20		5.037e-02		123.875		1.855e-02		34.329
5		0.00		7.60		5.235e-02		129.641		1.723e-02		13.360
5		0.00		8.00		5.438e-02		130.572		1.519e-02		12.641
5		0.00		8.40		5.403e-02		127.382		1.595e-02		19.068
5		0.00		8.80		5.601e-02		125.924		1.780e-02		15.877
5		0.00		9.20		5.736e-02		119.334		1.925e-02		33.091
5		0.00		9.60		5.858e-02		127.198		2.012e-02		10.216
5		0.00		10.00		5.626e-02		126.874		1.652e-02		13.341
5		0.00		9.60		5.446e-02		125.432		1.661e-02		17.727
5		0.00		9.20		5.438e-02		125.282		1.670e-02		15.871
5		0.00		8.80		5.281e-02		122.949		1.695e-02		29.567
5		0.00		8.40		5.129e-02		127.763		1.640e-02		17.598
5		0.00		8.00		4.818e-02		131.549		1.213e-02		11.226
5		0.00		7.60		4.547e-02		129.236		1.218e-02		13.630
5		0.00		7.20		4.291e-02		127.867		1.237e-02		14.518
5		0.00		6.80		4.084e-02		124.873		1.271e-02		24.994
5		0.00		6.40		3.821e-02		130.186		1.210e-02		14.512
5		0.00		6.00		3.603e-02		132.456		9.206e-03		9.826
5		0.00		5.60		3.218e-02		129.556		7.848e-03		12.382
5		0.00		5.20		2.935e-02		130.019		7.340e-03		11.146
5		0.00		4.80		2.638e-02		128.721		7.420e-03		18.910
5		0.00		4.40		2.298e-02		130.237		6.577e-03		23.751
5		0.00		4.00		2.017e-02		131.543		4.995e-03		9.944
5		0.00		3.60		1.670e-02		131.249		3.715e-03		9.482
5		0.00		3.20		1.277e-02		131.357		2.707e-03		11.422
5		0.00		2.80		8.525e-03		133.947		2.102e-03		17.686
5		0.00		2.40		4.935e-03		132.628		1.493e-03		26.485
5		0.00		2.00		2.067e-03		20.019		8.280e-04		92.750
5		0.00		1.60		4.108e-03		-65.240		1.472e-03		29.805
5		0.00		1.20		8.426e-03		-56.441		2.138e-03		16.362
5		0.00		0.80		1.273e-02		-55.279		3.030e-03		12.811
5		0.00		0.40		1.651e-02		-55.847		4.022e-03		13.554
5		0.00		0.00		2.011e-02		-53.029		5.441e-03		12.459
5		0.00		-0.40		2.531e-02		-52.889		5.938e-03		9.293
5		0.00		-0.80		2.935e-02		-53.895		6.065e-03		9.101
5		0.00		-1.20		3.237e-02		-53.856		7.823e-03		10.832
5		0.00		-1.60		3.539e-02		-53.683		9.715e-03		14.830
5		0.00		-2.00		3.822e-02		-50.822		1.169e-02		15.326
5		0.00		-2.40		4.243e-02		-53.574		1.192e-02		9.325
5		0.00		-2.80		4.575e-02		-54.425		1.070e-02		9.489
5		0.00		-3.20		4.777e-02		-55.078		1.170e-02		11.349
5		0.00		-3.60		4.942e-02		-55.056		1.380e-02		13.771
5		0.00		-4.00		5.151e-02		-50.297		1.582e-02		13.152
5		0.00		-4.40		5.394e-02		-51.491		1.709e-02		11.036
5		0.00		-4.80		5.712e-02		-52.214		1.530e-02		8.873
5		0.00		-5.20		5.726e-02		-53.528		1.486e-02		13.925
5		0.00		-5.60		5.703e-02		-52.606		1.515e-02		14.324
5		0.00		-6.00		5.829e-02		-50.958		1.592e-02		18.562
5		0.00		-6.40		6.186e-02		-49.544		1.824e-02		15.731
5		0.00		-6.80		6.661e-02		-50.800		1.728e-02		10.693
5		0.00		-7.20		6.192e-02		-51.840		1.617e-02		17.241
5		0.00		-7.60		6.137e-02		-52.413		1.687e-02		17.667
5		0.00		-8.00		6.186e-02		-47.797		1.792e-02		12.065
5		0.00		-8.40		6.048e-02		-49.426		1.832e-02		18.433
5		0.00		-8.80		5.924e-02		-47.028		1.759e-02		10.032
5		0.00		-9.20		5.495e-02		-47.709		1.531e-02		11.574
5		0.00		-9.60		4.682e-02		-48.376		1.362e-02		11.338
5		0.00		-10.00		4.012e-02		-48.445		1.293e-02		17.011
5		0.00		-9.60		4.644e-02		-42.104		1.610e-02		25.969
5		0.00		-9.20		4.990e-02		-46.284		1.657e-02		11.687
5		0.00		-8.80		5.169e-02		-45.983		1.443e-02		9.661
5		0.00		-8.40		5.314e-02		-47.953		1.357e-02		11.265
5		0.00		-8.00		5.144e-02		-49.868		1.363e-02		14.414
5		0.00		-7.60		5.141e-02		-47.895		1.563e-02		21.496
5		0.00		-7.20		4.952e-02		-47.263		1.544e-02		10.530
5		0.00		-6.80		4.822e-02		-48.477		1.183e-02		8.251
5		0.00		-6.40		4.524e-02		-49.909		9.842e-03		9.001
5		0.00		-6.00		4.217e-02		-49.268		9.928e-03		9.991
5		0.00		-5.60		3.904e-02		-49.454		9.879e-03		12.776
5		0.00		-5.20		3.650e-02		-47.483		9.611e-03		10.684
5		0.00		-4.80		3.380e-02		-51.008		7.402e-03		8.491
5		0.00		-4.40		2.988e-02		-52.847		5.963e-03		10.141
5		0.00		-4.00		2.635e-02		-52.329		5.691e-03		11.389
5		0.00		-3.60		2.261e-02		-49.840		5.361e-03		13.633
5		0.00		-3.20		1.962e-02		-49.158		5.020e-03		11.392
5		0.00		-2.80		1.648e-02		-49.853		3.325e-03		10.721
5		0.00		-2.40		1.258e-02		-50.220		2.508e-03		12.171
5		0.00		-2.00		8.928e-03		-46.438		2.000e-03		15.659
5		0.00		-1.60		5.490e-03		-40.712		1.490e-03		21.834
5		0.00		-1.20		2.565e-03		-35.340		1.074e-03		40.874
5		0.00		-0.80		2.753e-03		82.455		1.134e-03		59.078
5		0.00		-0.40		5.897e-03		121.272		1.846e-03		15.412
6		0.00		0.00		9.510e-03		125.720		2.404e-03		13.854
6		0.00		0.40		1.241e-02		124.748		3.473e-03		19.810
6		0.00		0.80		1.588e-02		129.386		4.664e-03		18.267
6		0.00		1.20		1.979e-02		130.126		4.911e-03		9.165
6		0.00		1.60		2.276e-02		127.496		5.232e-03		10.869
6		0.00		2.00		2.568e-02		129.234		6.166e-03		10.508
6		0.00		2.40		2.804e-02		128.195		7.661e-03		15.628
6		0.00		2.80		3.113e-02		128.951		8.897e-03		16.688
6		0.00		3.20		3.368e-02		131.574		8.050e-03		8.370
6		0.00		3.60		3.640e-02		129.449		8.059e-03		10.030
6		0.00		4.00		3.889e-02		131.780		8.567e-03		9.715
6		0.00		4.40		4.057e-02		129.501		1.064e-02		18.388
6		0.00		4.80		4.347e-02		129.096		1.168e-02		17.685
6		0.00		5.20		4.615e-02		131.157		1.130e-02		8.964
6		0.00		5.60		4.799e-02		130.175		1.088e-02		9.323
6		0.00		6.00		4.796e-02		129.378		1.176e-02		12.597
6		0.00		6.40		5.052e-02		128.097		1.423e-02		17.610
6		0.00		6.80		5.264e-02		128.182		1.640e-02		20.435
6		0.00		7.20		5.479e-02		132.255		1.592e-02		9.024
6		0.00		7.60		5.486e-02		129.731		1.447e-02		12.491
6		0.00		8.00		5.428e-02		126.757		1.787e-02		17.075
6		0.00		8.40		5.649e-02		125.997		1.929e-02		20.519
6		0.00		8.80		5.870e-02		125.332		2.011e-02		26.609
6		0.00		9.20		6.067e-02		130.831		2.005e-02		10.936
6		0.00		9.60		5.743e-02		125.712		1.776e-02		15.257
6		0.00		10.00		5.417e-02		126.711		1.813e-02		18.773
6		0.00		9.60		5.621e-02		123.886		1.897e-02		17.997
6		0.00		9.20		5.593e-02		124.074		1.861e-02		27.620
6		0.00		8.80		5.384e-02		128.847		1.809e-02		21.924
6		0.00		8.40		5.252e-02		132.117		1.412e-02		10.054
6		0.00		8.00		4.954e-02		128.592		1.197e-02		13.179
6		0.00		7.60		4.686e-02		129.731		1.150e-02		11.556
6		0.00		7.20		4.526e-02		130.408		1.265e-02		14.171
6		0.00		6.80		4.223e-02		127.945		1.297e-02		24.334
6		0.00		6.40		4.065e-02		129.699		1.150e-02		13.334
6		0.00		6.00		3.748e-02		130.572		8.963e-03		8.381
6		0.00		5.60		3.430e-02		130.120		7.682e-03		10.556
6		0.00		5.20		3.097e-02		133.148		6.706e-03		11.003
6		0.00		4.80		2.780e-02		132.446		6.616e-03		12.599
6		0.00		4.40		2.400e-02		130.695		6.474e-03		23.300
6		0.00		4.00		2.042e-02		131.982		5.626e-03		18.296
6		0.00		3.60		1.695e-02		134.728		3.947e-03		10.200
6		0.00		3.20		1.315e-02		131.903		2.717e-03		11.423
6		0.00		2.80		9.141e-03		133.746		1.905e-03		11.902
6		0.00		2.40		4.802e-03		129.704		1.650e-03		22.009
6		0.00		2.00		1.957e-03		10.683		9.209e-04		82.860
6		0.00		1.60		3.729e-03		-48.851		1.651e-03		39.216
6		0.00		1.20		7.642e-03		-61.443		2.436e-03		17.115
6		0.00		0.80		1.213e-02		-59.684		2.910e-03		12.405
6		0.00		0.40		1.554e-02		-52.152		3.744e-03		11.609
6		0.00		0.00		1.954e-02		-51.300		4.844e-03		12.589
6		0.00		-0.40		2.324e-02		-50.938		6.049e-03		13.159
6		0.00		-0.80		2.700e-02		-51.658		6.743e-03		10.656
6		0.00		-1.20		3.231e-02		-53.725		7.134e-03		8.443
6		0.00		-1.60		3.593e-02		-54.085		6.855e-03		8.991
6		0.00		-2.00		3.949e-02		-53.609		7.754e-03		10.721
6		0.00		-2.40		4.196e-02		-53.371		9.232e-03		11.139
6		0.00		-2.80		4.497e-02		-52.954		1.114e-02		14.376
6		0.00		-3.20		4.839e-02		-51.373		1.349e-02		15.483
6		0.00		-3.60		5.159e-02		-54.227		1.418e-02		8.355
6		0.00		-4.00		5.467e-02		-53.873		1.245e-02		8.078
6		0.00		-4.40		5.600e-02		-54.605		1.252e-02		8.887
6		0.00		-4.80		5.541e-02		-54.038		1.397e-02		12.902
6		0.00		-5.20		5.704e-02		-52.911		1.558e-02		15.560
6		0.00		-5.60		5.822e-02		-52.027		1.775e-02		17.072
6		0.00		-6.00		6.149e-02		-46.350		2.022e-02		14.293
6		0.00		-6.40		6.355e-02		-49.507		1.916e-02		9.097
6		0.00		-6.80		6.057e-02		-47.129		1.621e-02		14.616
6		0.00		-7.20		6.297e-02		-47.548		1.727e-02		15.084
6		0.00		-7.60		6.039e-02		-52.577		1.806e-02		16.117
6		0.00		-8.00		6.217e-02		-47.793		1.882e-02		17.075
6		0.00		-8.40		5.937e-02		-49.736		1.922e-02		21.951
6		0.00		-8.80		5.923e-02		-42.979		1.894e-02		25.828
6		0.00		-9.20		5.568e-02		-46.073		1.585e-02		9.818
6		0.00		-9.60		5.011e-02		-48.627		1.424e-02		11.082
6		0.00		-10.00		4.230e-02		-45.793		1.139e-02		11.728
6		0.00		-9.60		4.663e-02		-46.996		1.270e-02		11.868
6		0.00		-9.20		5.041e-02		-48.323		1.472e-02		15.331
6		0.00		-8.80		5.311e-02		-48.074		1.522e-02		19.285
6		0.00		-8.40		5.461e-02		-43.718		1.686e-02		17.696
6		0.00		-8.00		5.511e-02		-46.410		1.642e-02		9.917
6		0.00		-7.60		5.411e-02		-48.393		1.396e-02		7.951
6		0.00		-7.20		5.291e-02		-49.003		1.220e-02		7.335
6		0.00		-6.80		4.786e-02		-48.694		1.037e-02		8.292
6		0.00		-6.40		4.490e-02		-48.790		1.094e-02		9.596
6		0.00		-6.00		4.151e-02		-48.674		1.074e-02		10.840
6		0.00		-5.60		3.808e-02		-50.921		1.081e-02		15.904
6		0.00		-5.20		3.501e-02		-52.433		1.024e-02		19.312
6		0.00		-4.80		3.183e-02		-49.838		9.507e-03		13.648
6		0.00		-4.40		2.913e-02		-50.501		8.103e-03		7.283
6		0.00		-4.00		2.583e-02		-51.362		6.300e-03		8.435
6		0.00		-3.60		2.225e-02		-51.923		4.774e-03		11.041
6		0.00		-3.20		1.933e-02		-51.455		3.661e-03		12.554
6		0.00		-2.80		1.585e-02		-49.220		3.011e-03		12.097
6		0.00		-2.40		1.290e-02		-46.661		2.514e-03		12.196
6		0.00		-2.00		9.088e-03		-40.908		2.200e-03		15.635
6		0.00		-1.60		5.448e-03		-39.263		1.553e-03		20.705
6		0.00		-1.20		2.293e-03		-33.011		1.014e-03		48.822
6		0.00		-0.80		2.523e-03		70.340		1.042e-03		63.207
6		0.00		-0.40		5.979e-03		120.421		1.829e-03		22.549
7		0.00		0.00		9.973e-03		128.258		2.475e-03		12.005
7		0.00		0.40		1.355e-02		130.506		2.911e-03		10.334
7		0.00		0.80		1.713e-02		128.731		3.321e-03		10.831
7		0.00		1.20		2.011e-02		130.491		4.206e-03		9.712
7		0.00		1.60		2.316e-02		130.727		5.107e-03		9.611
7		0.00		2.00		2.638e-02		129.737		6.230e-03		11.640
7		0.00		2.40		2.864e-02		128.301		7.816e-03		18.901
7		0.00		2.80		3.136e-02		128.589		8.896e-03		19.832
7		0.00		3.20		3.352e-02		131.535		9.943e-03		13.445
7		0.00		3.60		3.650e-02		132.531		1.030e-02		8.994
7		0.00		4.00		3.884e-02		130.758		9.815e-03		8.900
7		0.00		4.40		4.053e-02		129.695		9.662e-03		9.834
7		0.00		4.80		4.203e-02		128.538		9.678e-03		10.444
7		0.00		5.20		4.481e-02		129.043		1.120e-02		11.920
7		0.00		5.60		4.594e-02		130.261		1.163e-02		11.367
7		0.00		6.00		4.857e-02		128.741		1.393e-02		14.900
7		0.00		6.40		5.092e-02		126.309		1.571e-02		21.838
7		0.00		6.80		5.246e-02		127.005		1.678e-02		26.128
7		0.00		7.20		5.459e-02		129.903		1.711e-02		17.357
7		0.00		7.60		5.615e-02		130.923		1.663e-02		9.235
7		0.00		8.00		5.689e-02		131.667		1.596e-02		11.075
7		0.00		8.40		5.932e-02		131.924		1.624e-02		12.267
7		0.00		8.80		5.852e-02		126.842		1.665e-02		16.297
7		0.00		9.20		5.830e-02		123.522		1.865e-02		19.868
7		0.00		9.60		5.543e-02		120.870		1.910e-02		19.246
7		0.00		10.00		5.408e-02		121.460		2.048e-02		23.507
7		0.00		9.60		5.317e-02		117.838		2.071e-02		31.958
7		0.00		9.20		5.343e-02		126.212		1.943e-02		22.374
7		0.00		8.80		5.285e-02		128.236		1.855e-02		12.509
7		0.00		8.40		5.020e-02		130.963		1.574e-02		9.823
7		0.00		8.00		4.763e-02		130.223		1.365e-02		12.407
7		0.00		7.60		4.426e-02		127.759		1.250e-02		14.729
7		0.00		7.20		4.293e-02		128.448		1.186e-02		12.885
7		0.00		6.80		3.983e-02		129.123		1.150e-02		13.462
7		0.00		6.40		3.809e-02		128.576		1.084e-02		18.057
7		0.00		6.00		3.559e-02		128.316		9.959e-03		23.719
7		0.00		5.60		3.289e-02		130.627		9.352e-03		23.397
7		0.00		5.20		3.009e-02		132.283		7.749e-03		10.419
7		0.00		4.80		2.737e-02		132.114		6.316e-03		10.299
7		0.00		4.40		2.404e-02		132.333		5.186e-03		10.930
7		0.00		4.00		2.031e-02		132.011		3.789e-03		10.378
7		0.00		3.60		1.623e-02		134.980		3.264e-03		12.726
7		0.00		3.20		1.317e-02		132.187		2.664e-03		12.010
7		0.00		2.80		8.858e-03		131.727		1.976e-03		17.624
7		0.00		2.40		5.014e-03		132.377		1.700e-03		35.501
7		0.00		2.00		2.089e-03		19.772		8.198e-04		90.567
7		0.00		1.60		3.431e-03		-60.818		1.509e-03		46.449
7		0.00		1.20		7.442e-03		-57.913		2.282e-03		14.111
7		0.00		0.80		1.137e-02		-53.500		2.734e-03		12.381
7		0.00		0.40		1.571e-02		-53.214		3.787e-03		11.598
7		0.00		0.00		1.983e-02		-52.763		4.355e-03		10.236
7		0.00		-0.40		2.380e-02		-52.344		5.745e-03		10.706
7		0.00		-0.80		2.687e-02		-51.915		6.967e-03		13.455
7		0.00		-1.20		3.032e-02		-49.417		8.854e-03		10.654
7		0.00		-1.60		3.416e-02		-52.897		9.473e-03		10.464
7		0.00		-2.00		3.814e-02		-52.950		9.107e-03		8.211
7		0.00		-2.40		4.216e-02		-54.144		8.949e-03		7.822
7		0.00		-2.80		4.486e-02		-54.769		1.019e-02		9.463
7		0.00		-3.20		4.786e-02		-53.448		1.133e-02		10.336
7		0.00		-3.60		4.963e-02		-53.281		1.336e-02		12.354
7		0.00		-4.00		5.147e-02		-50.964		1.455e-02		19.988
7		0.00		-4.40		5.443e-02		-52.338		1.510e-02		10.020
7		0.00		-4.80		5.732e-02		-52.579		1.414e-02		10.266
7		0.00		-5.20		5.984e-02		-52.951		1.437e-02		11.244
7		0.00		-5.60		5.976e-02		-51.760		1.416e-02		12.540
7		0.00		-6.00		5.875e-02		-52.018		1.679e-02		15.048
7		0.00		-6.40		6.004e-02		-50.338		1.850e-02		16.492
7		0.00		-6.80		6.085e-02		-46.336		2.059e-02		19.833
7		0.00		-7.20		6.264e-02		-46.581		2.144e-02		16.743
7		0.00		-7.60		6.395e-02		-49.859		1.973e-02		10.821
7		0.00		-8.00		5.926e-02		-51.951		1.606e-02		16.040
7		0.00		-8.40		5.963e-02		-51.921		1.764e-02		15.743
7		0.00		-8.80		5.366e-02		-49.707		1.628e-02		14.969
7		0.00		-9.20		5.180e-02		-50.809		1.762e-02		20.478
7		0.00		-9.60		4.767e-02		-37.541		1.722e-02		22.610
7		0.00		-10.00		4.129e-02		-43.508		1.363e-02		12.208
7		0.00		-9.60		4.751e-02		-46.834		1.367e-02		9.264
7		0.00		-9.20		5.194e-02		-47.566		1.401e-02		10.172
7		0.00		-8.80		5.158e-02		-48.829		1.352e-02		13.443
7		0.00		-8.40		5.351e-02		-48.659		1.405e-02		13.489
7		0.00		-8.00		5.389e-02		-50.408		1.545e-02		21.247
7		0.00		-7.60		5.335e-02		-45.912		1.597e-02		11.901
7		0.00		-7.20		5.107e-02		-47.804		1.286e-02		9.177
7		0.00		-6.80		4.844e-02		-49.040		9.978e-03		9.706
7		0.00		-6.40		4.644e-02		-48.791		9.231e-03		9.163
7		0.00		-6.00		4.287e-02		-48.973		9.069e-03		10.426
7		0.00		-5.60		3.977e-02		-49.183		9.454e-03		10.763
7		0.00		-5.20		3.587e-02		-51.293		9.824e-03		15.631
7		0.00		-4.80		3.268e-02		-49.337		9.610e-03		12.113
7		0.00		-4.40		2.976e-02		-50.794		7.804e-03		7.998
7		0.00		-4.00		2.694e-02		-49.785		5.684e-03		9.125
7		0.00		-3.60		2.309e-02		-52.983		4.652e-03		10.112
7		0.00		-3.20		1.925e-02		-50.658		4.261e-03		10.958
7		0.00		-2.80		1.607e-02		-50.708		3.938e-03		13.883
7		0.00		-2.40		1.242e-02		-49.561		3.326e-03		16.268
7		0.00		-2.00		9.157e-03		-48.208		2.367e-03		12.675
7		0.00		-1.60		5.840e-03		-42.753		1.505e-03		18.685
7		0.00		-1.20		2.702e-03		-47.906		1.123e-03		33.547
7		0.00		-0.80		2.376e-03		85.775		1.072e-03		68.040
7		0.00		-0.40		5.570e-03		122.095		1.590e-03		22.941
8		0.00		0.00		8.907e-03		122.275		2.584e-03		21.667
8		0.00		0.40		1.310e-02		128.241		3.405e-03		10.959
8		0.00		0.80		1.660e-02		129.405		3.726e-03		9.500
8		0.00		1.20		1.976e-02		127.887		3.984e-03		8.905
8		0.00		1.60		2.251e-02		130.027		4.671e-03		9.897
8		0.00		2.00		2.577e-02		129.860		6.204e-03		11.663
8		0.00		2.40		2.886e-02		128.997		7.628e-03		20.158
8		0.00		2.80		3.134e-02		131.075		8.616e-03		8.502
8		0.00		3.20		3.398e-02		131.015		8.264e-03		7.188
8		0.00		3.60		3.569e-02		128.717		8.727e-03		9.882
8		0.00		4.00		3.815e-02		130.210		1.019e-02		10.768
8		0.00		4.40		3.979e-02		128.691		1.207e-02		19.603
8		0.00		4.80		4.186e-02		127.505		1.373e-02		26.600
8		0.00		5.20		4.431e-02		131.217		1.298e-02		9.817
8		0.00		5.60		4.621e-02		130.299		1.096e-02		10.529
8		0.00		6.00		4.732e-02		129.682		1.164e-02		12.381
8		0.00		6.40		4.943e-02		128.736		1.442e-02		13.100
8		0.00		6.80		5.161e-02		125.966		1.684e-02		24.378
8		0.00		7.20		5.420e-02		132.141		1.754e-02		11.739
8		0.00		7.60		5.702e-02		131.532		1.499e-02		8.849
8		0.00		8.00		5.562e-02		129.996		1.349e-02		13.938
8		0.00		8.40		5.714e-02		127.716		1.613e-02		15.310
8		0.00		8.80		6.102e-02		124.565		1.952e-02		21.963
8		0.00		9.20		6.011e-02		122.976		1.966e-02		26.789
8		0.00		9.60		6.158e-02		126.881		1.989e-02		11.597
8		0.00		10.00		5.713e-02		127.165		1.739e-02		15.144
8		0.00		9.60		5.715e-02		126.335		1.713e-02		17.339
8		0.00		9.20		5.653e-02		126.224		1.622e-02		14.955
8		0.00		8.80		5.505e-02		125.283		1.677e-02		24.001
8		0.00		8.40		5.236e-02		128.981		1.694e-02		20.767
8		0.00		8.00		5.082e-02		133.108		1.403e-02		10.008
8		0.00		7.60		4.725e-02		129.296		1.185e-02		12.993
8		0.00		7.20		4.474e-02		130.676		1.140e-02		11.256
8		0.00		6.80		4.207e-02		129.751		1.210e-02		13.468
8		0.00		6.40		3.942e-02		127.528		1.170e-02		23.702
8		0.00		6.00		3.713e-02		133.657		1.075e-02		9.437
8		0.00		5.60		3.486e-02		132.222		8.092e-03		8.667
8		0.00		5.20		3.082e-02		130.219		6.720e-03		10.594
8		0.00		4.80		2.846e-02		132.212		6.302e-03		10.569
8		0.00		4.40		2.459e-02		131.262		6.379e-03		18.497
8		0.00		4.00		2.158e-02		131.832		5.569e-03		23.741
8		0.00		3.60		1.771e-02		134.201		4.154e-03		9.638
8		0.00		3.20		1.443e-02		135.217		2.811e-03		10.570
8		0.00		2.80		1.045e-02		138.431		1.962e-03		11.060
8		0.00		2.40		6.451e-03		132.122		1.757e-03		25.161
8		0.00		2.00		2.451e-03		75.043		8.696e-04		79.165
8		0.00		1.60		2.621e-03		-68.549		1.061e-03		48.423
8		0.00		1.20		6.758e-03		-54.798		1.939e-03		14.526
8		0.00		0.80		1.119e-02		-52.244		2.339e-03		12.439
8		0.00		0.40		1.498e-02		-52.781		3.239e-03		9.816
8		0.00		0.00		1.890e-02		-50.770		4.432e-03		11.895
8		0.00		-0.40		2.290e-02		-51.784		6.100e-03		13.854
8		0.00		-0.80		2.663e-02		-51.487		7.452e-03		9.982
8		0.00		-1.20		3.068e-02		-54.406		6.874e-03		9.006
8		0.00		-1.60		3.480e-02		-55.608		7.156e-03		9.277
8		0.00		-2.00		3.780e-02		-54.442		8.182e-03		10.650
8		0.00		-2.40		4.067e-02		-55.298		1.100e-02		14.721
8		0.00		-2.80		4.329e-02		-51.466		1.305e-02		14.032
8		0.00		-3.20		4.554e-02		-53.843		1.383e-02		9.044
8		0.00		-3.60		4.984e-02		-54.286		1.268e-02		7.556
8		0.00		-4.00		5.250e-02		-55.193		1.177e-02		7.261
8		0.00		-4.40		5.304e-02		-55.353		1.283e-02		12.696
8		0.00		-4.80		5.412e-02		-53.518		1.483e-02		15.934
8		0.00		-5.20		5.747e-02		-49.174		1.664e-02		19.397
8		0.00		-5.60		6.120e-02		-49.812		1.818e-02		10.200
8		0.00		-6.00		6.146e-02		-50.281		1.524e-02		9.589
8		0.00		-6.40		6.117e-02		-51.528		1.510e-02		13.165
8		0.00		-6.80		6.029e-02		-53.252		1.604e-02		15.910
8		0.00		-7.20		6.147e-02		-52.870		1.822e-02		20.124
8		0.00		-7.60		6.285e-02		-50.531		1.896e-02		19.457
8		0.00		-8.00		6.273e-02		-48.303		1.861e-02		10.443
8		0.00		-8.40		6.193e-02		-47.234		1.528e-02		9.903
8		0.00		-8.80		5.816e-02		-45.743		1.548e-02		12.881
8		0.00		-9.20		5.181e-02		-47.614		1.539e-02		12.644
8		0.00		-9.60		4.647e-02		-50.958		1.570e-02		17.482
8		0.00		-10.00		4.063e-02		-36.342		1.411e-02		20.737
8		0.00		-9.60		4.556e-02		-44.454		1.521e-02		10.763
8		0.00		-9.20		4.922e-02		-46.756		1.413e-02		7.979
8		0.00		-8.80		5.106e-02		-46.969		1.415e-02		10.332
8		0.00		-8.40		5.148e-02		-49.608		1.478e-02		13.216
8		0.00		-8.00		5.284e-02		-50.604		1.564e-02		19.066
8		0.00		-7.60		5.194e-02		-48.002		1.639e-02		20.245
8		0.00		-7.20		5.020e-02		-46.818		1.365e-02		8.417
8		0.00		-6.80		4.866e-02		-49.138		1.052e-02		7.752
8		0.00		-6.40		4.606e-02		-47.551		9.105e-03		9.125
8		0.00		-6.00		4.303e-02		-47.750		9.546e-03		9.478
8		0.00		-5.60		3.987e-02		-50.551		1.035e-02		14.650
8		0.00		-5.20		3.670e-02		-48.238		1.011e-02		9.902
8		0.00		-4.80		3.401e-02		-49.036		7.703e-03		6.451
8		0.00		-4.40		3.051e-02		-51.099		5.806e-03		8.577
8		0.00		-4.00		2.664e-02		-51.348		5.406e-03		10.429
8		0.00		-3.60		2.330e-02		-50.707		5.064e-03		11.844
8		0.00		-3.20		1.980e-02		-48.984		4.603e-03		16.579
8		0.00		-2.80		1.638e-02		-48.764		3.673e-03		10.868
8		0.00		-2.40		1.287e-02		-46.463		2.370e-03		11.474
8		0.00		-2.00		9.224e-03		-46.933		1.790e-03		14.360
8		0.00		-1.60		5.530e-03		-43.539		1.527e-03		21.185
8		0.00		-1.20		2.283e-03		-35.036		9.475e-04		45.956
8		0.00		-0.80		3.092e-03		95.115		1.196e-03		54.018
8		0.00		-0.40		6.566e-03		118.114		2.119e-03		14.370
