# Date of analysis: 2023-11-20 16;19
# 
# Loop index	Read Volt (V)	Write Volt (V)	Amplitude (a.u)	Phase (deg)	Sigma Amp (a.u)	Sigma Pha (deg)	
1		0.00		0.00		2.681e-02		-46.903		1.390e-02		34.760
1		0.00		0.40		2.446e-02		-54.034		7.209e-03		19.057
1		0.00		0.80		1.784e-02		-54.184		5.197e-03		17.794
1		0.00		1.20		1.100e-02		-54.034		3.503e-03		21.003
1		0.00		1.60		5.084e-03		-47.809		1.986e-03		26.696
1		0.00		2.00		2.441e-03		38.717		1.068e-03		70.692
1		0.00		2.40		6.678e-03		115.503		2.764e-03		41.642
1		0.00		2.80		1.161e-02		118.789		4.717e-03		24.390
1		0.00		3.20		1.742e-02		122.721		5.996e-03		20.856
1		0.00		3.60		2.015e-02		122.780		6.933e-03		20.666
1		0.00		4.00		2.317e-02		125.714		7.770e-03		19.094
1		0.00		4.40		2.605e-02		126.676		8.426e-03		15.685
1		0.00		4.80		2.902e-02		127.736		9.496e-03		16.757
1		0.00		5.20		3.276e-02		127.017		1.059e-02		15.129
1		0.00		5.60		3.586e-02		128.218		1.171e-02		14.234
1		0.00		6.00		3.859e-02		127.441		1.320e-02		15.129
1		0.00		6.40		4.313e-02		129.122		1.463e-02		14.973
1		0.00		6.80		4.608e-02		127.796		1.611e-02		16.023
1		0.00		7.20		4.815e-02		126.856		1.724e-02		17.727
1		0.00		7.60		5.080e-02		128.434		1.829e-02		16.029
1		0.00		8.00		5.294e-02		127.240		1.947e-02		18.856
1		0.00		8.40		5.448e-02		126.001		2.038e-02		22.284
1		0.00		8.80		5.536e-02		123.685		2.278e-02		23.413
1		0.00		9.20		5.591e-02		121.467		2.408e-02		25.759
1		0.00		9.60		5.373e-02		122.347		2.376e-02		26.092
1		0.00		10.00		5.227e-02		124.552		2.354e-02		25.718
1		0.00		9.60		5.207e-02		123.708		2.293e-02		25.992
1		0.00		9.20		5.329e-02		123.320		2.324e-02		36.084
1		0.00		8.80		5.233e-02		127.284		2.219e-02		25.666
1		0.00		8.40		5.087e-02		126.802		2.174e-02		23.998
1		0.00		8.00		4.905e-02		120.350		2.025e-02		42.848
1		0.00		7.60		4.627e-02		119.811		1.866e-02		36.764
1		0.00		7.20		4.468e-02		120.261		1.654e-02		35.050
1		0.00		6.80		4.212e-02		122.732		1.469e-02		29.769
1		0.00		6.40		3.991e-02		126.908		1.255e-02		21.728
1		0.00		6.00		3.645e-02		127.941		1.112e-02		20.494
1		0.00		5.60		3.295e-02		131.066		1.007e-02		14.109
1		0.00		5.20		2.988e-02		130.607		9.351e-03		14.682
1		0.00		4.80		2.638e-02		130.625		8.499e-03		15.292
1		0.00		4.40		2.334e-02		128.882		7.487e-03		20.106
1		0.00		4.00		1.851e-02		128.056		6.790e-03		25.167
1		0.00		3.60		1.419e-02		121.335		5.732e-03		35.889
1		0.00		3.20		9.721e-03		117.876		4.371e-03		40.003
1		0.00		2.80		6.179e-03		101.489		2.839e-03		53.687
1		0.00		2.40		3.353e-03		27.023		1.716e-03		73.965
1		0.00		2.00		5.136e-03		-48.762		2.541e-03		44.225
1		0.00		1.60		8.947e-03		-62.343		3.590e-03		24.671
1		0.00		1.20		1.384e-02		-56.713		4.672e-03		20.331
1		0.00		0.80		1.929e-02		-54.308		5.811e-03		16.882
1		0.00		0.40		2.436e-02		-52.271		6.439e-03		14.782
1		0.00		0.00		3.044e-02		-51.827		7.088e-03		13.080
1		0.00		-0.40		3.483e-02		-51.479		7.786e-03		13.748
1		0.00		-0.80		3.901e-02		-51.213		9.107e-03		12.650
1		0.00		-1.20		4.165e-02		-51.430		1.009e-02		12.437
1		0.00		-1.60		4.482e-02		-51.095		1.137e-02		13.014
1		0.00		-2.00		4.702e-02		-51.389		1.251e-02		14.808
1		0.00		-2.40		4.770e-02		-52.016		1.348e-02		15.834
1		0.00		-2.80		4.896e-02		-53.340		1.481e-02		17.677
1		0.00		-3.20		4.867e-02		-52.268		1.519e-02		16.672
1		0.00		-3.60		4.880e-02		-54.927		1.621e-02		22.093
1		0.00		-4.00		4.842e-02		-53.500		1.729e-02		23.365
1		0.00		-4.40		4.931e-02		-54.878		1.754e-02		24.445
1		0.00		-4.80		4.852e-02		-46.752		1.717e-02		27.567
1		0.00		-5.20		4.932e-02		-49.925		1.641e-02		28.938
1		0.00		-5.60		5.194e-02		-49.083		1.791e-02		23.672
1		0.00		-6.00		5.234e-02		-50.020		1.852e-02		27.995
1		0.00		-6.40		5.295e-02		-48.739		1.766e-02		25.664
1		0.00		-6.80		5.312e-02		-47.598		1.798e-02		24.140
1		0.00		-7.20		5.300e-02		-51.913		1.674e-02		20.961
1		0.00		-7.60		5.532e-02		-48.920		1.710e-02		17.559
1		0.00		-8.00		5.569e-02		-50.173		1.898e-02		18.563
1		0.00		-8.40		5.591e-02		-47.791		1.782e-02		18.990
1		0.00		-8.80		5.321e-02		-43.688		1.690e-02		19.135
1		0.00		-9.20		5.064e-02		-42.566		1.847e-02		20.043
1		0.00		-9.60		4.474e-02		-44.607		1.642e-02		20.322
1		0.00		-10.00		4.031e-02		-44.753		1.425e-02		22.046
1		0.00		-9.60		4.566e-02		-46.790		1.588e-02		21.456
1		0.00		-9.20		4.949e-02		-42.823		1.786e-02		21.599
1		0.00		-8.80		5.089e-02		-43.569		1.873e-02		19.644
1		0.00		-8.40		5.074e-02		-41.565		1.847e-02		21.367
1		0.00		-8.00		5.241e-02		-48.246		1.737e-02		19.202
1		0.00		-7.60		5.145e-02		-48.373		1.700e-02		20.391
1		0.00		-7.20		4.900e-02		-46.667		1.474e-02		17.809
1		0.00		-6.80		4.844e-02		-47.410		1.365e-02		15.195
1		0.00		-6.40		4.748e-02		-47.988		1.249e-02		12.460
1		0.00		-6.00		4.763e-02		-48.573		1.298e-02		14.339
1		0.00		-5.60		4.630e-02		-49.848		1.286e-02		16.360
1		0.00		-5.20		4.398e-02		-51.459		1.234e-02		17.881
1		0.00		-4.80		4.101e-02		-52.208		1.198e-02		20.127
1		0.00		-4.40		3.791e-02		-54.014		1.187e-02		16.785
1		0.00		-4.00		3.521e-02		-54.448		1.053e-02		20.124
1		0.00		-3.60		3.110e-02		-52.563		9.009e-03		18.337
1		0.00		-3.20		2.762e-02		-51.172		7.389e-03		14.991
1		0.00		-2.80		2.458e-02		-51.266		6.115e-03		13.798
1		0.00		-2.40		2.059e-02		-51.022		4.500e-03		14.224
1		0.00		-2.00		1.647e-02		-50.214		3.573e-03		13.434
1		0.00		-1.60		1.217e-02		-54.813		2.794e-03		14.719
1		0.00		-1.20		8.030e-03		-55.508		2.195e-03		19.071
1		0.00		-0.80		3.075e-03		-40.682		1.439e-03		47.300
1		0.00		-0.40		3.455e-03		74.356		1.351e-03		74.873
2		0.00		0.00		8.129e-03		117.050		3.288e-03		41.289
2		0.00		0.40		1.315e-02		122.797		4.795e-03		25.556
2		0.00		0.80		1.800e-02		122.095		6.331e-03		30.054
2		0.00		1.20		2.303e-02		124.201		7.574e-03		23.966
2		0.00		1.60		2.776e-02		127.656		8.454e-03		13.814
2		0.00		2.00		3.194e-02		128.937		8.481e-03		11.009
2		0.00		2.40		3.694e-02		130.188		8.482e-03		10.089
2		0.00		2.80		4.087e-02		131.515		9.460e-03		8.882
2		0.00		3.20		4.491e-02		130.712		1.125e-02		10.665
2		0.00		3.60		4.841e-02		130.252		1.348e-02		14.295
2		0.00		4.00		5.204e-02		127.397		1.599e-02		19.329
2		0.00		4.40		5.157e-02		126.096		1.685e-02		24.915
2		0.00		4.80		5.166e-02		125.777		1.672e-02		27.605
2		0.00		5.20		4.959e-02		128.801		1.606e-02		24.608
2		0.00		5.60		4.613e-02		129.640		1.546e-02		18.701
2		0.00		6.00		4.625e-02		129.721		1.460e-02		18.181
2		0.00		6.40		4.798e-02		130.037		1.572e-02		26.281
2		0.00		6.80		5.112e-02		129.799		1.701e-02		21.956
2		0.00		7.20		5.327e-02		130.154		1.872e-02		15.558
2		0.00		7.60		5.427e-02		130.687		2.079e-02		18.365
2		0.00		8.00		5.742e-02		127.411		2.252e-02		27.619
2		0.00		8.40		5.612e-02		126.929		2.217e-02		30.004
2		0.00		8.80		5.864e-02		127.297		2.341e-02		30.956
2		0.00		9.20		6.039e-02		119.022		2.335e-02		48.237
2		0.00		9.60		6.019e-02		113.835		2.374e-02		63.600
2		0.00		10.00		6.198e-02		115.618		2.332e-02		61.586
2		0.00		9.60		5.954e-02		115.912		2.275e-02		63.023
2		0.00		9.20		5.999e-02		123.454		2.231e-02		50.794
2		0.00		8.80		5.910e-02		132.367		2.224e-02		19.270
2		0.00		8.40		5.904e-02		133.309		2.092e-02		16.338
2		0.00		8.00		5.830e-02		129.037		2.140e-02		24.517
2		0.00		7.60		5.515e-02		129.176		2.125e-02		29.118
2		0.00		7.20		5.252e-02		129.624		2.063e-02		26.728
2		0.00		6.80		4.948e-02		125.020		1.888e-02		41.694
2		0.00		6.40		4.624e-02		126.011		1.726e-02		29.751
2		0.00		6.00		4.203e-02		131.264		1.462e-02		20.060
2		0.00		5.60		3.998e-02		132.713		1.303e-02		12.098
2		0.00		5.20		3.621e-02		131.031		1.235e-02		12.140
2		0.00		4.80		3.272e-02		127.788		1.197e-02		21.191
2		0.00		4.40		2.980e-02		126.970		1.146e-02		27.300
2		0.00		4.00		2.494e-02		126.346		9.508e-03		29.891
2		0.00		3.60		2.159e-02		130.463		8.026e-03		24.657
2		0.00		3.20		1.659e-02		133.766		5.846e-03		18.113
2		0.00		2.80		1.249e-02		136.999		4.185e-03		11.694
2		0.00		2.40		6.993e-03		121.072		3.164e-03		59.602
2		0.00		2.00		3.796e-03		49.650		1.749e-03		84.034
2		0.00		1.60		4.475e-03		-57.499		2.233e-03		41.939
2		0.00		1.20		9.633e-03		-59.136		3.060e-03		16.543
2		0.00		0.80		1.503e-02		-53.728		4.617e-03		16.247
2		0.00		0.40		2.009e-02		-52.023		5.789e-03		17.603
2		0.00		0.00		2.482e-02		-51.438		7.174e-03		16.465
2		0.00		-0.40		3.056e-02		-51.117		7.843e-03		12.798
2		0.00		-0.80		3.428e-02		-51.293		7.875e-03		11.643
2		0.00		-1.20		3.835e-02		-52.440		8.337e-03		10.454
2		0.00		-1.60		4.102e-02		-50.710		9.421e-03		10.247
2		0.00		-2.00		4.149e-02		-51.264		1.132e-02		14.338
2		0.00		-2.40		4.188e-02		-54.007		1.259e-02		18.055
2		0.00		-2.80		4.431e-02		-55.503		1.379e-02		24.455
2		0.00		-3.20		4.575e-02		-53.324		1.433e-02		22.397
2		0.00		-3.60		4.788e-02		-51.853		1.319e-02		14.669
2		0.00		-4.00		4.945e-02		-52.429		1.214e-02		11.527
2		0.00		-4.40		5.183e-02		-51.368		1.256e-02		11.346
2		0.00		-4.80		5.293e-02		-50.562		1.336e-02		11.990
2		0.00		-5.20		5.578e-02		-48.901		1.495e-02		15.259
2		0.00		-5.60		5.321e-02		-49.156		1.637e-02		19.651
2		0.00		-6.00		5.518e-02		-46.808		1.726e-02		19.307
2		0.00		-6.40		5.281e-02		-43.958		1.660e-02		23.254
2		0.00		-6.80		5.260e-02		-46.539		1.725e-02		21.624
2		0.00		-7.20		5.516e-02		-44.064		1.886e-02		25.068
2		0.00		-7.60		5.316e-02		-47.954		1.782e-02		18.998
2		0.00		-8.00		5.532e-02		-47.232		1.986e-02		18.287
2		0.00		-8.40		5.471e-02		-46.468		2.017e-02		21.929
2		0.00		-8.80		4.893e-02		-44.038		1.972e-02		25.338
2		0.00		-9.20		4.799e-02		-44.653		1.902e-02		25.112
2		0.00		-9.60		4.352e-02		-41.366		1.659e-02		23.816
2		0.00		-10.00		3.826e-02		-37.892		1.448e-02		29.459
2		0.00		-9.60		4.387e-02		-40.944		1.539e-02		22.937
2		0.00		-9.20		4.956e-02		-44.301		1.671e-02		20.302
2		0.00		-8.80		5.307e-02		-45.240		1.801e-02		17.526
2		0.00		-8.40		5.534e-02		-45.890		1.946e-02		21.010
2		0.00		-8.00		5.602e-02		-47.215		2.028e-02		22.647
2		0.00		-7.60		5.521e-02		-45.162		1.913e-02		17.471
2		0.00		-7.20		5.234e-02		-44.914		1.754e-02		20.232
2		0.00		-6.80		5.036e-02		-45.149		1.629e-02		22.511
2		0.00		-6.40		4.874e-02		-43.318		1.422e-02		19.650
2		0.00		-6.00		4.858e-02		-47.075		1.400e-02		12.966
2		0.00		-5.60		4.748e-02		-47.396		1.360e-02		13.979
2		0.00		-5.20		4.580e-02		-50.209		1.382e-02		17.749
2		0.00		-4.80		4.252e-02		-52.280		1.419e-02		20.223
2		0.00		-4.40		3.998e-02		-52.983		1.322e-02		20.654
2		0.00		-4.00		3.670e-02		-52.618		1.146e-02		17.828
2		0.00		-3.60		3.289e-02		-50.963		9.195e-03		12.026
2		0.00		-3.20		3.013e-02		-51.941		7.861e-03		12.661
2		0.00		-2.80		2.739e-02		-50.689		6.392e-03		13.642
2		0.00		-2.40		2.326e-02		-52.193		5.260e-03		14.267
2		0.00		-2.00		1.960e-02		-52.118		5.181e-03		16.565
2		0.00		-1.60		1.514e-02		-50.999		4.528e-03		19.613
2		0.00		-1.20		1.006e-02		-52.123		3.237e-03		21.211
2		0.00		-0.80		5.598e-03		-48.297		2.311e-03		27.032
2		0.00		-0.40		2.689e-03		15.414		1.274e-03		67.900
3		0.00		0.00		4.969e-03		109.376		2.149e-03		43.837
3		0.00		0.40		9.702e-03		130.806		3.372e-03		11.628
3		0.00		0.80		1.525e-02		130.454		4.688e-03		16.684
3		0.00		1.20		1.987e-02		127.424		6.374e-03		20.137
3		0.00		1.60		2.366e-02		125.289		8.460e-03		28.869
3		0.00		2.00		2.885e-02		125.183		1.021e-02		24.891
3		0.00		2.40		3.236e-02		127.708		1.116e-02		21.885
3		0.00		2.80		3.676e-02		130.229		1.205e-02		12.983
3		0.00		3.20		3.909e-02		131.267		1.144e-02		10.651
3		0.00		3.60		4.216e-02		132.595		1.243e-02		9.884
3		0.00		4.00		4.331e-02		130.142		1.339e-02		11.637
3		0.00		4.40		4.443e-02		128.472		1.458e-02		17.759
3		0.00		4.80		4.264e-02		127.460		1.482e-02		22.204
3		0.00		5.20		4.159e-02		128.941		1.420e-02		22.663
3		0.00		5.60		4.449e-02		129.942		1.519e-02		23.295
3		0.00		6.00		4.619e-02		133.570		1.612e-02		20.538
3		0.00		6.40		4.648e-02		130.221		1.597e-02		27.826
3		0.00		6.80		4.535e-02		129.304		1.542e-02		29.003
3		0.00		7.20		4.780e-02		132.597		1.539e-02		21.324
3		0.00		7.60		4.889e-02		129.821		1.620e-02		34.666
3		0.00		8.00		5.283e-02		135.047		1.843e-02		12.644
3		0.00		8.40		5.223e-02		133.668		1.874e-02		15.027
3		0.00		8.80		5.463e-02		129.351		2.180e-02		24.413
3		0.00		9.20		5.262e-02		127.475		2.242e-02		29.799
3		0.00		9.60		5.254e-02		129.563		2.345e-02		28.604
3		0.00		10.00		5.167e-02		134.143		2.158e-02		24.974
3		0.00		9.60		5.121e-02		127.997		2.101e-02		37.131
3		0.00		9.20		5.030e-02		118.932		2.065e-02		41.958
3		0.00		8.80		5.183e-02		121.608		2.056e-02		39.711
3		0.00		8.40		5.226e-02		128.014		1.864e-02		26.584
3		0.00		8.00		5.164e-02		126.037		1.723e-02		33.565
3		0.00		7.60		5.161e-02		130.355		1.753e-02		27.079
3		0.00		7.20		4.842e-02		132.989		1.674e-02		13.955
3		0.00		6.80		5.146e-02		130.243		1.813e-02		19.175
3		0.00		6.40		4.936e-02		127.426		1.775e-02		22.408
3		0.00		6.00		4.543e-02		127.456		1.650e-02		23.597
3		0.00		5.60		4.248e-02		129.088		1.546e-02		22.554
3		0.00		5.20		3.792e-02		131.377		1.344e-02		19.925
3		0.00		4.80		3.395e-02		133.591		1.131e-02		14.088
3		0.00		4.40		2.793e-02		133.537		9.235e-03		14.166
3		0.00		4.00		2.343e-02		135.812		7.945e-03		10.453
3		0.00		3.60		1.846e-02		136.916		6.591e-03		10.647
3		0.00		3.20		1.351e-02		115.200		5.384e-03		71.957
3		0.00		2.80		9.209e-03		112.945		3.964e-03		73.202
3		0.00		2.40		5.226e-03		75.253		2.387e-03		78.241
3		0.00		2.00		3.744e-03		-0.031		1.590e-03		75.571
3		0.00		1.60		6.533e-03		-59.753		2.734e-03		24.864
3		0.00		1.20		1.198e-02		-53.446		4.355e-03		22.003
3		0.00		0.80		1.776e-02		-55.715		5.368e-03		18.416
3		0.00		0.40		2.383e-02		-52.809		6.542e-03		16.720
3		0.00		0.00		2.922e-02		-51.828		7.372e-03		13.957
3		0.00		-0.40		3.361e-02		-49.762		7.401e-03		11.883
3		0.00		-0.80		3.762e-02		-50.167		7.685e-03		10.845
3		0.00		-1.20		4.113e-02		-51.419		8.553e-03		10.331
3		0.00		-1.60		4.157e-02		-49.088		8.888e-03		10.765
3		0.00		-2.00		4.491e-02		-50.771		1.050e-02		11.096
3		0.00		-2.40		4.779e-02		-50.523		1.208e-02		12.983
3		0.00		-2.80		4.845e-02		-52.643		1.406e-02		15.028
3		0.00		-3.20		4.870e-02		-54.516		1.593e-02		17.917
3		0.00		-3.60		4.949e-02		-55.183		1.642e-02		19.530
3		0.00		-4.00		5.052e-02		-54.330		1.668e-02		23.519
3		0.00		-4.40		5.092e-02		-52.009		1.567e-02		21.065
3		0.00		-4.80		5.070e-02		-50.643		1.479e-02		16.772
3		0.00		-5.20		5.483e-02		-53.079		1.625e-02		17.208
3		0.00		-5.60		5.400e-02		-50.369		1.407e-02		14.311
3		0.00		-6.00		5.666e-02		-48.438		1.543e-02		14.313
3		0.00		-6.40		5.616e-02		-45.902		1.586e-02		15.267
3		0.00		-6.80		6.194e-02		-45.707		1.787e-02		15.809
3		0.00		-7.20		5.902e-02		-44.132		1.720e-02		19.499
3		0.00		-7.60		6.109e-02		-42.815		2.032e-02		21.299
3		0.00		-8.00		6.095e-02		-48.133		2.179e-02		25.144
3		0.00		-8.40		5.997e-02		-45.022		2.127e-02		26.700
3		0.00		-8.80		5.750e-02		-38.959		2.050e-02		21.746
3		0.00		-9.20		5.297e-02		-38.960		1.937e-02		26.532
3		0.00		-9.60		5.006e-02		-45.502		1.739e-02		27.481
3		0.00		-10.00		4.446e-02		-43.827		1.533e-02		25.333
3		0.00		-9.60		4.838e-02		-39.918		1.753e-02		28.112
3		0.00		-9.20		5.188e-02		-42.659		1.902e-02		23.083
3		0.00		-8.80		5.534e-02		-43.055		1.930e-02		18.434
3		0.00		-8.40		5.967e-02		-44.453		2.068e-02		17.634
3		0.00		-8.00		5.541e-02		-46.092		2.111e-02		26.794
3		0.00		-7.60		5.692e-02		-45.236		2.219e-02		23.085
3		0.00		-7.20		5.824e-02		-47.150		2.296e-02		24.644
3		0.00		-6.80		5.548e-02		-45.481		2.074e-02		22.246
3		0.00		-6.40		5.357e-02		-42.610		1.894e-02		23.992
3		0.00		-6.00		5.313e-02		-46.678		1.651e-02		18.680
3		0.00		-5.60		5.152e-02		-47.953		1.363e-02		13.369
3		0.00		-5.20		4.986e-02		-47.866		1.249e-02		12.145
3		0.00		-4.80		4.792e-02		-49.604		1.151e-02		10.521
3		0.00		-4.40		4.779e-02		-50.264		1.092e-02		11.212
3		0.00		-4.00		4.547e-02		-52.084		1.112e-02		15.200
3		0.00		-3.60		4.157e-02		-51.908		1.144e-02		18.057
3		0.00		-3.20		3.782e-02		-52.258		1.111e-02		17.937
3		0.00		-2.80		3.499e-02		-55.177		1.006e-02		20.887
3		0.00		-2.40		3.031e-02		-52.648		9.165e-03		18.239
3		0.00		-2.00		2.568e-02		-50.400		7.534e-03		12.696
3		0.00		-1.60		2.128e-02		-48.827		5.677e-03		12.817
3		0.00		-1.20		1.746e-02		-51.578		4.416e-03		13.485
3		0.00		-0.80		1.259e-02		-51.950		3.098e-03		14.562
3		0.00		-0.40		7.595e-03		-54.594		2.193e-03		18.714
4		0.00		0.00		3.117e-03		-28.664		1.734e-03		60.406
4		0.00		0.40		4.156e-03		93.280		1.977e-03		61.462
4		0.00		0.80		8.452e-03		118.467		3.475e-03		39.907
4		0.00		1.20		1.337e-02		123.033		4.739e-03		33.044
4		0.00		1.60		1.847e-02		127.063		6.052e-03		23.293
4		0.00		2.00		2.313e-02		130.005		7.386e-03		19.698
4		0.00		2.40		2.798e-02		130.669		8.794e-03		16.269
4		0.00		2.80		3.278e-02		131.014		9.566e-03		11.082
4		0.00		3.20		3.603e-02		133.350		9.262e-03		9.650
4		0.00		3.60		3.999e-02		132.998		1.013e-02		10.359
4		0.00		4.00		4.294e-02		133.172		1.100e-02		9.351
4		0.00		4.40		4.479e-02		132.035		1.272e-02		12.512
4		0.00		4.80		4.489e-02		127.946		1.518e-02		20.371
4		0.00		5.20		4.350e-02		126.388		1.618e-02		23.499
4		0.00		5.60		4.501e-02		127.266		1.770e-02		24.032
4		0.00		6.00		4.544e-02		130.611		1.771e-02		21.704
4		0.00		6.40		4.480e-02		131.004		1.707e-02		25.786
4		0.00		6.80		4.227e-02		126.127		1.597e-02		32.998
4		0.00		7.20		4.631e-02		129.118		1.541e-02		31.348
4		0.00		7.60		4.556e-02		135.032		1.449e-02		24.767
4		0.00		8.00		4.670e-02		134.851		1.570e-02		15.300
4		0.00		8.40		5.078e-02		133.046		1.743e-02		15.414
4		0.00		8.80		5.145e-02		129.100		1.962e-02		23.967
4		0.00		9.20		5.295e-02		129.139		2.041e-02		23.269
4		0.00		9.60		5.373e-02		132.617		2.039e-02		22.107
4		0.00		10.00		5.407e-02		130.185		2.067e-02		36.507
4		0.00		9.60		5.421e-02		123.525		2.060e-02		46.281
4		0.00		9.20		5.200e-02		120.173		1.736e-02		46.040
4		0.00		8.80		4.917e-02		133.907		1.712e-02		20.649
4		0.00		8.40		4.907e-02		132.834		1.753e-02		26.181
4		0.00		8.00		5.216e-02		132.115		1.865e-02		22.033
4		0.00		7.60		5.496e-02		129.841		2.215e-02		23.786
4		0.00		7.20		5.231e-02		127.106		2.181e-02		27.285
4		0.00		6.80		5.033e-02		129.388		2.029e-02		26.034
4		0.00		6.40		4.936e-02		133.194		1.934e-02		23.663
4		0.00		6.00		4.416e-02		129.306		1.674e-02		28.207
4		0.00		5.60		3.931e-02		131.497		1.322e-02		29.435
4		0.00		5.20		3.644e-02		133.007		1.231e-02		16.994
4		0.00		4.80		3.343e-02		134.013		1.146e-02		11.739
4		0.00		4.40		2.931e-02		130.728		1.050e-02		18.639
4		0.00		4.00		2.478e-02		128.396		9.315e-03		29.009
4		0.00		3.60		2.057e-02		129.415		8.025e-03		35.139
4		0.00		3.20		1.521e-02		129.244		5.987e-03		36.280
4		0.00		2.80		9.206e-03		131.162		3.899e-03		51.832
4		0.00		2.40		4.082e-03		44.898		1.735e-03		95.309
4		0.00		2.00		4.397e-03		-69.802		1.893e-03		42.832
4		0.00		1.60		1.023e-02		-66.632		2.633e-03		16.565
4		0.00		1.20		1.566e-02		-54.817		3.298e-03		14.606
4		0.00		0.80		2.195e-02		-53.939		5.682e-03		16.599
4		0.00		0.40		2.711e-02		-55.470		8.237e-03		19.633
4		0.00		0.00		3.150e-02		-55.813		1.002e-02		19.696
4		0.00		-0.40		3.512e-02		-51.823		1.106e-02		16.196
4		0.00		-0.80		3.735e-02		-52.059		1.091e-02		11.355
4		0.00		-1.20		4.075e-02		-51.735		1.060e-02		10.712
4		0.00		-1.60		4.354e-02		-51.864		1.008e-02		11.057
4		0.00		-2.00		4.528e-02		-51.197		1.122e-02		11.788
4		0.00		-2.40		4.709e-02		-51.119		1.203e-02		13.637
4		0.00		-2.80		4.938e-02		-52.076		1.413e-02		16.463
4		0.00		-3.20		5.058e-02		-52.775		1.542e-02		16.295
4		0.00		-3.60		5.249e-02		-53.563		1.603e-02		20.590
4		0.00		-4.00		5.285e-02		-49.748		1.526e-02		16.414
4		0.00		-4.40		5.272e-02		-52.291		1.420e-02		16.237
4		0.00		-4.80		5.603e-02		-53.393		1.350e-02		14.403
4		0.00		-5.20		5.575e-02		-47.770		1.359e-02		16.216
4		0.00		-5.60		5.810e-02		-47.023		1.625e-02		13.715
4		0.00		-6.00		6.058e-02		-46.724		1.750e-02		14.513
4		0.00		-6.40		5.631e-02		-42.634		1.852e-02		19.517
4		0.00		-6.80		6.000e-02		-48.567		2.285e-02		25.831
4		0.00		-7.20		5.674e-02		-42.665		2.134e-02		19.576
4		0.00		-7.60		5.658e-02		-45.849		2.004e-02		29.605
4		0.00		-8.00		6.106e-02		-40.156		2.124e-02		28.489
4		0.00		-8.40		5.724e-02		-45.722		2.031e-02		32.147
4		0.00		-8.80		5.571e-02		-39.681		2.029e-02		25.965
4		0.00		-9.20		5.428e-02		-45.416		1.991e-02		21.876
4		0.00		-9.60		5.322e-02		-46.100		1.890e-02		15.099
4		0.00		-10.00		4.646e-02		-41.641		1.678e-02		12.901
4		0.00		-9.60		5.301e-02		-42.368		1.895e-02		19.558
4		0.00		-9.20		5.619e-02		-37.929		1.952e-02		21.199
4		0.00		-8.80		5.744e-02		-40.701		1.951e-02		24.367
4		0.00		-8.40		5.715e-02		-45.449		1.835e-02		26.759
4		0.00		-8.00		5.818e-02		-40.487		1.783e-02		25.289
4		0.00		-7.60		6.104e-02		-45.316		1.833e-02		17.179
4		0.00		-7.20		5.955e-02		-44.074		1.709e-02		17.124
4		0.00		-6.80		5.689e-02		-46.505		1.901e-02		17.243
4		0.00		-6.40		5.576e-02		-47.203		2.186e-02		18.926
4		0.00		-6.00		5.381e-02		-48.179		1.956e-02		23.367
4		0.00		-5.60		5.143e-02		-46.927		1.720e-02		17.478
4		0.00		-5.20		5.110e-02		-49.388		1.599e-02		17.197
4		0.00		-4.80		4.842e-02		-49.028		1.286e-02		12.208
4		0.00		-4.40		4.756e-02		-50.745		1.294e-02		11.712
4		0.00		-4.00		4.456e-02		-52.639		1.209e-02		14.112
4		0.00		-3.60		4.268e-02		-53.288		1.296e-02		17.261
4		0.00		-3.20		3.884e-02		-54.083		1.212e-02		21.483
4		0.00		-2.80		3.573e-02		-52.683		1.009e-02		17.312
4		0.00		-2.40		3.180e-02		-50.310		8.283e-03		12.558
4		0.00		-2.00		2.865e-02		-50.154		6.562e-03		10.394
4		0.00		-1.60		2.390e-02		-49.539		5.143e-03		11.089
4		0.00		-1.20		1.925e-02		-50.606		4.152e-03		11.767
4		0.00		-0.80		1.387e-02		-49.822		3.148e-03		13.566
4		0.00		-0.40		8.784e-03		-53.916		2.679e-03		15.332
5		0.00		0.00		3.483e-03		-49.576		1.861e-03		41.714
5		0.00		0.40		3.649e-03		75.018		1.641e-03		67.174
5		0.00		0.80		7.769e-03		124.815		3.314e-03		27.218
5		0.00		1.20		1.307e-02		131.102		4.107e-03		10.656
5		0.00		1.60		1.783e-02		132.760		5.023e-03		9.136
5		0.00		2.00		2.290e-02		132.702		6.700e-03		10.781
5		0.00		2.40		2.808e-02		129.382		9.026e-03		16.516
5		0.00		2.80		3.293e-02		125.636		1.134e-02		23.215
5		0.00		3.20		3.740e-02		126.677		1.316e-02		23.385
5		0.00		3.60		4.042e-02		131.749		1.365e-02		16.129
5		0.00		4.00		4.368e-02		132.297		1.322e-02		10.931
5		0.00		4.40		4.296e-02		133.718		1.267e-02		12.643
5		0.00		4.80		4.452e-02		133.860		1.310e-02		10.973
5		0.00		5.20		4.213e-02		131.362		1.312e-02		14.355
5		0.00		5.60		4.672e-02		129.521		1.587e-02		19.513
5		0.00		6.00		4.317e-02		129.540		1.636e-02		24.031
5		0.00		6.40		4.468e-02		132.684		1.561e-02		19.213
5		0.00		6.80		4.828e-02		128.389		1.746e-02		38.440
5		0.00		7.20		4.804e-02		130.042		1.719e-02		33.906
5		0.00		7.60		4.782e-02		127.018		1.695e-02		46.650
5		0.00		8.00		4.869e-02		136.498		1.826e-02		19.291
5		0.00		8.40		5.052e-02		134.270		2.025e-02		17.774
5		0.00		8.80		5.177e-02		130.583		2.175e-02		24.122
5		0.00		9.20		5.189e-02		122.491		2.279e-02		40.528
5		0.00		9.60		5.315e-02		128.156		2.266e-02		33.053
5		0.00		10.00		5.486e-02		123.920		2.352e-02		50.251
5		0.00		9.60		5.167e-02		111.727		2.108e-02		60.851
5		0.00		9.20		4.999e-02		122.026		1.844e-02		51.219
5		0.00		8.80		4.808e-02		129.528		1.637e-02		39.861
5		0.00		8.40		5.060e-02		134.157		1.829e-02		21.206
5		0.00		8.00		5.200e-02		133.656		1.803e-02		16.226
5		0.00		7.60		5.341e-02		131.382		1.990e-02		21.879
5		0.00		7.20		5.234e-02		131.614		1.906e-02		23.672
5		0.00		6.80		5.276e-02		134.310		1.883e-02		20.531
5		0.00		6.40		5.114e-02		131.882		1.911e-02		32.861
5		0.00		6.00		4.720e-02		129.829		1.645e-02		34.656
5		0.00		5.60		4.271e-02		132.630		1.443e-02		31.444
5		0.00		5.20		3.940e-02		135.241		1.311e-02		13.393
5		0.00		4.80		3.512e-02		133.653		1.204e-02		11.360
5		0.00		4.40		3.107e-02		132.120		1.095e-02		14.748
5		0.00		4.00		2.635e-02		128.606		1.015e-02		24.665
5		0.00		3.60		2.072e-02		127.331		8.391e-03		32.691
5		0.00		3.20		1.668e-02		124.403		6.930e-03		38.018
5		0.00		2.80		1.102e-02		125.135		4.606e-03		43.426
5		0.00		2.40		5.260e-03		84.715		2.530e-03		86.600
5		0.00		2.00		3.819e-03		-45.658		1.892e-03		72.211
5		0.00		1.60		7.842e-03		-66.648		2.820e-03		18.138
5		0.00		1.20		1.367e-02		-56.471		3.631e-03		14.769
5		0.00		0.80		1.954e-02		-53.103		3.907e-03		13.607
5		0.00		0.40		2.542e-02		-52.243		5.058e-03		12.349
5		0.00		0.00		3.111e-02		-52.453		6.939e-03		13.280
5		0.00		-0.40		3.492e-02		-52.281		8.818e-03		14.990
5		0.00		-0.80		3.857e-02		-54.256		1.115e-02		18.511
5		0.00		-1.20		4.096e-02		-53.358		1.158e-02		19.835
5		0.00		-1.60		4.276e-02		-52.803		1.291e-02		19.872
5		0.00		-2.00		4.459e-02		-50.863		1.385e-02		12.281
5		0.00		-2.40		4.536e-02		-52.757		1.372e-02		14.194
5		0.00		-2.80		4.721e-02		-51.512		1.286e-02		12.751
5		0.00		-3.20		4.924e-02		-49.777		1.308e-02		11.059
5		0.00		-3.60		5.039e-02		-51.353		1.334e-02		12.017
5		0.00		-4.00		5.155e-02		-52.630		1.429e-02		12.990
5		0.00		-4.40		5.355e-02		-51.993		1.605e-02		18.130
5		0.00		-4.80		5.138e-02		-51.557		1.811e-02		20.684
5		0.00		-5.20		5.429e-02		-50.368		2.004e-02		21.821
5		0.00		-5.60		5.738e-02		-47.478		2.078e-02		22.637
5		0.00		-6.00		5.625e-02		-42.005		1.908e-02		19.770
5		0.00		-6.40		5.843e-02		-43.052		1.890e-02		21.978
5		0.00		-6.80		6.096e-02		-45.281		1.959e-02		19.266
5		0.00		-7.20		5.896e-02		-47.197		1.806e-02		20.763
5		0.00		-7.60		6.241e-02		-41.840		1.901e-02		17.822
5		0.00		-8.00		6.121e-02		-45.658		1.839e-02		22.213
5		0.00		-8.40		6.182e-02		-42.203		2.095e-02		22.041
5		0.00		-8.80		5.791e-02		-40.427		2.220e-02		23.518
5		0.00		-9.20		5.639e-02		-43.031		2.353e-02		22.155
5		0.00		-9.60		5.119e-02		-37.482		2.066e-02		22.336
5		0.00		-10.00		4.565e-02		-38.605		1.723e-02		22.494
5		0.00		-9.60		4.951e-02		-44.158		1.912e-02		26.289
5		0.00		-9.20		5.482e-02		-37.101		2.105e-02		31.236
5		0.00		-8.80		5.553e-02		-45.665		1.958e-02		23.292
5		0.00		-8.40		5.828e-02		-41.292		2.051e-02		17.866
5		0.00		-8.00		5.765e-02		-43.240		1.832e-02		21.674
5		0.00		-7.60		5.836e-02		-42.957		1.975e-02		21.653
5		0.00		-7.20		5.941e-02		-45.306		2.044e-02		21.026
5		0.00		-6.80		5.783e-02		-46.818		2.035e-02		19.780
5		0.00		-6.40		5.751e-02		-45.293		2.024e-02		19.787
5		0.00		-6.00		5.487e-02		-45.512		1.823e-02		19.132
5		0.00		-5.60		5.214e-02		-46.143		1.547e-02		17.110
5		0.00		-5.20		5.182e-02		-47.424		1.437e-02		14.256
5		0.00		-4.80		4.941e-02		-48.251		1.207e-02		12.636
5		0.00		-4.40		4.885e-02		-49.339		1.153e-02		11.737
5		0.00		-4.00		4.694e-02		-50.743		1.149e-02		11.434
5		0.00		-3.60		4.360e-02		-53.523		1.232e-02		17.016
5		0.00		-3.20		3.928e-02		-54.173		1.262e-02		18.966
5		0.00		-2.80		3.577e-02		-54.471		1.218e-02		18.421
5		0.00		-2.40		3.156e-02		-52.352		1.030e-02		19.018
5		0.00		-2.00		2.752e-02		-50.937		8.376e-03		12.136
5		0.00		-1.60		2.369e-02		-51.140		6.831e-03		11.952
5		0.00		-1.20		1.864e-02		-49.274		4.486e-03		11.150
5		0.00		-0.80		1.392e-02		-49.988		3.212e-03		13.025
5		0.00		-0.40		8.426e-03		-48.574		2.256e-03		17.897
6		0.00		0.00		3.296e-03		-59.255		1.703e-03		38.508
6		0.00		0.40		3.512e-03		83.355		1.530e-03		60.947
6		0.00		0.80		8.278e-03		113.922		3.168e-03		36.175
6		0.00		1.20		1.372e-02		127.357		4.748e-03		32.919
6		0.00		1.60		1.907e-02		125.724		6.604e-03		23.745
6		0.00		2.00		2.364e-02		129.498		7.742e-03		16.577
6		0.00		2.40		2.880e-02		130.305		8.882e-03		16.524
6		0.00		2.80		3.347e-02		132.193		9.535e-03		9.095
6		0.00		3.20		3.801e-02		131.676		1.075e-02		10.804
6		0.00		3.60		4.049e-02		133.557		1.088e-02		10.215
6		0.00		4.00		4.209e-02		134.265		1.248e-02		9.770
6		0.00		4.40		4.304e-02		132.612		1.320e-02		12.198
6		0.00		4.80		4.289e-02		131.189		1.434e-02		13.750
6		0.00		5.20		3.586e-02		130.333		1.296e-02		19.436
6		0.00		5.60		4.355e-02		128.086		1.670e-02		24.119
6		0.00		6.00		4.471e-02		128.146		1.792e-02		26.968
6		0.00		6.40		4.497e-02		129.887		1.721e-02		24.181
6		0.00		6.80		4.790e-02		132.404		1.868e-02		29.752
6		0.00		7.20		5.040e-02		124.951		1.909e-02		44.030
6		0.00		7.60		5.157e-02		123.342		1.923e-02		53.727
6		0.00		8.00		5.161e-02		127.013		1.827e-02		45.074
6		0.00		8.40		5.213e-02		124.987		1.810e-02		45.133
6		0.00		8.80		5.514e-02		126.023		2.109e-02		42.527
6		0.00		9.20		5.576e-02		125.811		2.133e-02		39.855
6		0.00		9.60		5.668e-02		115.670		2.354e-02		52.718
6		0.00		10.00		5.541e-02		126.616		2.199e-02		39.215
6		0.00		9.60		5.633e-02		123.322		2.207e-02		30.491
6		0.00		9.20		5.322e-02		120.305		2.193e-02		57.192
6		0.00		8.80		5.023e-02		134.932		1.995e-02		28.999
6		0.00		8.40		4.815e-02		117.702		2.057e-02		65.589
6		0.00		8.00		4.848e-02		120.676		2.026e-02		51.832
6		0.00		7.60		4.907e-02		114.069		2.036e-02		63.456
6		0.00		7.20		4.957e-02		129.593		2.018e-02		34.606
6		0.00		6.80		4.873e-02		133.369		1.955e-02		23.764
6		0.00		6.40		4.834e-02		132.924		1.988e-02		13.322
6		0.00		6.00		4.804e-02		129.183		1.940e-02		18.940
6		0.00		5.60		4.574e-02		127.011		1.847e-02		25.550
6		0.00		5.20		4.264e-02		126.943		1.694e-02		24.320
6		0.00		4.80		3.851e-02		129.251		1.443e-02		25.444
6		0.00		4.40		3.407e-02		131.884		1.273e-02		23.455
6		0.00		4.00		2.966e-02		133.929		1.115e-02		18.192
6		0.00		3.60		2.378e-02		128.713		8.964e-03		38.969
6		0.00		3.20		1.799e-02		128.294		7.016e-03		33.998
6		0.00		2.80		1.178e-02		131.505		4.696e-03		51.886
6		0.00		2.40		6.308e-03		88.740		2.894e-03		84.001
6		0.00		2.00		3.778e-03		-48.103		1.920e-03		69.097
6		0.00		1.60		6.774e-03		-72.994		2.515e-03		22.396
6		0.00		1.20		1.231e-02		-55.447		3.718e-03		18.205
6		0.00		0.80		1.738e-02		-55.140		5.459e-03		19.379
6		0.00		0.40		2.379e-02		-56.434		7.775e-03		21.504
6		0.00		0.00		2.862e-02		-55.374		9.007e-03		21.140
6		0.00		-0.40		3.397e-02		-53.496		1.030e-02		14.648
6		0.00		-0.80		3.795e-02		-53.168		1.109e-02		12.275
6		0.00		-1.20		4.068e-02		-52.050		1.110e-02		13.010
6		0.00		-1.60		4.482e-02		-51.702		1.168e-02		12.031
6		0.00		-2.00		4.813e-02		-52.098		1.188e-02		11.087
6		0.00		-2.40		4.914e-02		-51.664		1.231e-02		11.049
6		0.00		-2.80		4.934e-02		-50.918		1.373e-02		13.457
6		0.00		-3.20		5.176e-02		-52.211		1.674e-02		17.981
6		0.00		-3.60		5.348e-02		-52.837		1.875e-02		18.643
6		0.00		-4.00		5.294e-02		-51.566		1.855e-02		20.235
6		0.00		-4.40		5.355e-02		-47.410		1.860e-02		21.826
6		0.00		-4.80		5.323e-02		-47.993		1.800e-02		16.424
6		0.00		-5.20		5.342e-02		-45.478		1.801e-02		20.759
6		0.00		-5.60		5.613e-02		-43.519		1.985e-02		22.829
6		0.00		-6.00		5.453e-02		-46.502		1.792e-02		23.304
6		0.00		-6.40		5.315e-02		-43.172		1.730e-02		19.997
6		0.00		-6.80		5.781e-02		-46.790		2.012e-02		23.244
6		0.00		-7.20		5.584e-02		-46.946		2.111e-02		28.528
6		0.00		-7.60		5.267e-02		-44.262		2.145e-02		25.044
6		0.00		-8.00		5.623e-02		-42.169		2.278e-02		21.683
6		0.00		-8.40		6.022e-02		-42.582		2.413e-02		22.489
6		0.00		-8.80		5.420e-02		-35.086		1.995e-02		28.380
6		0.00		-9.20		5.392e-02		-32.885		1.953e-02		24.701
6		0.00		-9.60		5.174e-02		-37.449		1.935e-02		26.157
6		0.00		-10.00		4.607e-02		-39.277		1.510e-02		22.089
6		0.00		-9.60		5.118e-02		-44.176		1.763e-02		21.090
6		0.00		-9.20		5.666e-02		-42.703		2.062e-02		20.287
6		0.00		-8.80		5.952e-02		-43.114		2.057e-02		20.199
6		0.00		-8.40		5.943e-02		-41.595		2.134e-02		22.223
6		0.00		-8.00		5.878e-02		-42.519		2.151e-02		22.167
6		0.00		-7.60		5.795e-02		-44.686		2.216e-02		20.143
6		0.00		-7.20		5.855e-02		-41.868		2.459e-02		21.574
6		0.00		-6.80		5.499e-02		-41.316		2.162e-02		21.004
6		0.00		-6.40		5.408e-02		-39.795		2.039e-02		20.431
6		0.00		-6.00		5.320e-02		-45.032		1.842e-02		22.292
6		0.00		-5.60		5.074e-02		-44.402		1.536e-02		22.457
6		0.00		-5.20		5.048e-02		-43.862		1.528e-02		18.393
6		0.00		-4.80		4.974e-02		-48.754		1.462e-02		11.654
6		0.00		-4.40		4.786e-02		-51.693		1.302e-02		11.754
6		0.00		-4.00		4.633e-02		-51.963		1.313e-02		12.559
6		0.00		-3.60		4.426e-02		-51.983		1.193e-02		15.143
6		0.00		-3.20		4.015e-02		-52.543		1.151e-02		14.078
6		0.00		-2.80		3.667e-02		-54.391		1.080e-02		18.683
6		0.00		-2.40		3.208e-02		-52.807		9.214e-03		19.260
6		0.00		-2.00		2.701e-02		-52.187		7.648e-03		18.570
6		0.00		-1.60		2.326e-02		-49.656		6.286e-03		12.761
6		0.00		-1.20		1.815e-02		-50.199		4.925e-03		13.396
6		0.00		-0.80		1.299e-02		-51.162		3.433e-03		13.776
6		0.00		-0.40		7.259e-03		-49.811		2.409e-03		19.796
7		0.00		0.00		2.800e-03		-38.340		1.535e-03		54.803
7		0.00		0.40		4.380e-03		91.885		1.886e-03		60.328
7		0.00		0.80		9.333e-03		122.684		3.758e-03		39.554
7		0.00		1.20		1.462e-02		122.990		5.296e-03		26.784
7		0.00		1.60		1.939e-02		125.643		7.034e-03		22.749
7		0.00		2.00		2.452e-02		124.390		8.957e-03		24.806
7		0.00		2.40		2.967e-02		125.552		1.096e-02		24.794
7		0.00		2.80		3.477e-02		125.333		1.292e-02		24.848
7		0.00		3.20		3.981e-02		127.044		1.449e-02		24.032
7		0.00		3.60		4.240e-02		130.229		1.461e-02		21.871
7		0.00		4.00		4.303e-02		132.482		1.464e-02		21.762
7		0.00		4.40		4.380e-02		129.236		1.444e-02		29.030
7		0.00		4.80		4.298e-02		132.571		1.359e-02		17.062
7		0.00		5.20		4.412e-02		132.804		1.417e-02		21.144
7		0.00		5.60		4.654e-02		134.229		1.483e-02		17.024
7		0.00		6.00		4.820e-02		135.282		1.501e-02		18.188
7		0.00		6.40		5.082e-02		133.510		1.640e-02		17.135
7		0.00		6.80		4.681e-02		133.748		1.517e-02		11.893
7		0.00		7.20		4.858e-02		131.916		1.679e-02		16.331
7		0.00		7.60		4.862e-02		129.413		1.845e-02		30.591
7		0.00		8.00		4.834e-02		127.670		2.019e-02		27.543
7		0.00		8.40		4.982e-02		126.402		2.052e-02		35.815
7		0.00		8.80		5.248e-02		127.391		2.207e-02		31.049
7		0.00		9.20		5.318e-02		127.893		2.285e-02		29.082
7		0.00		9.60		5.390e-02		126.644		2.309e-02		37.638
7		0.00		10.00		5.387e-02		126.745		2.198e-02		44.971
7		0.00		9.60		5.177e-02		124.256		2.106e-02		41.105
7		0.00		9.20		5.309e-02		119.675		2.114e-02		51.204
7		0.00		8.80		5.270e-02		118.672		1.979e-02		56.744
7		0.00		8.40		5.393e-02		124.866		2.006e-02		45.819
7		0.00		8.00		4.833e-02		135.526		1.634e-02		21.512
7		0.00		7.60		5.490e-02		131.843		1.845e-02		29.835
7		0.00		7.20		5.749e-02		133.839		1.920e-02		23.687
7		0.00		6.80		5.429e-02		135.293		1.866e-02		14.536
7		0.00		6.40		5.197e-02		134.069		1.729e-02		13.910
7		0.00		6.00		5.010e-02		130.841		1.692e-02		18.307
7		0.00		5.60		4.630e-02		129.491		1.661e-02		20.122
7		0.00		5.20		4.278e-02		127.041		1.624e-02		22.378
7		0.00		4.80		3.765e-02		127.495		1.482e-02		25.420
7		0.00		4.40		3.232e-02		128.158		1.273e-02		25.187
7		0.00		4.00		2.698e-02		129.856		1.056e-02		22.481
7		0.00		3.60		2.084e-02		132.913		8.262e-03		22.805
7		0.00		3.20		1.519e-02		133.316		6.166e-03		27.034
7		0.00		2.80		8.893e-03		122.607		3.754e-03		60.198
7		0.00		2.40		3.666e-03		-14.814		1.448e-03		104.246
7		0.00		2.00		6.143e-03		-78.173		2.378e-03		21.810
7		0.00		1.60		1.196e-02		-59.413		3.089e-03		14.637
7		0.00		1.20		1.833e-02		-55.909		4.212e-03		11.620
7		0.00		0.80		2.445e-02		-53.266		4.862e-03		10.386
7		0.00		0.40		3.072e-02		-52.284		5.905e-03		9.285
7		0.00		0.00		3.485e-02		-51.198		6.968e-03		9.657
7		0.00		-0.40		3.864e-02		-50.635		7.698e-03		9.414
7		0.00		-0.80		4.136e-02		-50.336		8.608e-03		9.789
7		0.00		-1.20		4.558e-02		-50.616		9.136e-03		9.001
7		0.00		-1.60		4.679e-02		-51.199		1.026e-02		10.832
7		0.00		-2.00		5.024e-02		-51.204		1.180e-02		10.619
7		0.00		-2.40		5.098e-02		-51.212		1.366e-02		13.784
7		0.00		-2.80		5.246e-02		-52.906		1.469e-02		14.585
7		0.00		-3.20		5.306e-02		-52.782		1.560e-02		15.507
7		0.00		-3.60		5.503e-02		-51.694		1.750e-02		15.105
7		0.00		-4.00		5.526e-02		-52.796		1.868e-02		16.409
7		0.00		-4.40		5.599e-02		-50.665		1.938e-02		16.907
7		0.00		-4.80		5.642e-02		-50.753		1.944e-02		17.058
7		0.00		-5.20		5.567e-02		-48.093		2.040e-02		19.257
7		0.00		-5.60		5.762e-02		-46.377		2.007e-02		19.882
7		0.00		-6.00		6.114e-02		-47.373		2.001e-02		20.748
7		0.00		-6.40		6.075e-02		-41.592		2.075e-02		18.375
7		0.00		-6.80		6.064e-02		-40.784		1.959e-02		22.074
7		0.00		-7.20		6.217e-02		-44.116		2.142e-02		23.641
7		0.00		-7.60		6.066e-02		-46.660		2.082e-02		24.735
7		0.00		-8.00		6.186e-02		-37.117		1.914e-02		26.271
7		0.00		-8.40		6.272e-02		-42.062		2.050e-02		26.194
7		0.00		-8.80		5.908e-02		-43.825		1.990e-02		25.583
7		0.00		-9.20		5.706e-02		-39.196		2.001e-02		28.675
7		0.00		-9.60		5.067e-02		-40.514		1.769e-02		29.337
7		0.00		-10.00		4.816e-02		-38.216		1.609e-02		26.698
7		0.00		-9.60		5.300e-02		-44.436		1.974e-02		16.546
7		0.00		-9.20		5.421e-02		-42.317		2.062e-02		21.307
7		0.00		-8.80		5.835e-02		-38.462		2.253e-02		20.957
7		0.00		-8.40		6.033e-02		-41.776		2.263e-02		18.972
7		0.00		-8.00		5.852e-02		-42.123		2.238e-02		22.348
7		0.00		-7.60		6.045e-02		-43.509		1.993e-02		19.351
7		0.00		-7.20		6.120e-02		-45.586		2.131e-02		19.856
7		0.00		-6.80		5.631e-02		-45.613		1.961e-02		21.607
7		0.00		-6.40		6.008e-02		-45.046		1.958e-02		14.919
7		0.00		-6.00		5.697e-02		-47.470		1.909e-02		17.772
7		0.00		-5.60		5.722e-02		-49.734		1.936e-02		18.797
7		0.00		-5.20		5.463e-02		-49.273		1.833e-02		20.348
7		0.00		-4.80		5.126e-02		-51.397		1.671e-02		22.548
7		0.00		-4.40		4.986e-02		-49.892		1.517e-02		21.799
7		0.00		-4.00		4.655e-02		-51.968		1.369e-02		18.233
7		0.00		-3.60		4.329e-02		-51.309		1.245e-02		14.707
7		0.00		-3.20		4.041e-02		-50.071		1.124e-02		10.613
7		0.00		-2.80		3.629e-02		-49.682		1.005e-02		10.214
7		0.00		-2.40		3.286e-02		-49.811		8.157e-03		10.340
7		0.00		-2.00		2.828e-02		-50.041		6.600e-03		9.405
7		0.00		-1.60		2.440e-02		-50.131		5.303e-03		10.466
7		0.00		-1.20		1.926e-02		-49.103		4.190e-03		11.218
7		0.00		-0.80		1.421e-02		-49.138		3.022e-03		13.425
7		0.00		-0.40		8.749e-03		-49.550		2.077e-03		17.085
8		0.00		0.00		3.648e-03		-54.204		1.686e-03		39.744
8		0.00		0.40		3.362e-03		90.958		1.585e-03		68.816
8		0.00		0.80		8.337e-03		125.769		3.245e-03		40.180
8		0.00		1.20		1.369e-02		131.062		4.458e-03		20.586
8		0.00		1.60		1.900e-02		129.836		5.656e-03		15.175
8		0.00		2.00		2.475e-02		127.511		7.570e-03		17.817
8		0.00		2.40		2.971e-02		128.541		9.089e-03		20.527
8		0.00		2.80		3.515e-02		128.291		1.070e-02		20.682
8		0.00		3.20		3.961e-02		130.751		1.148e-02		17.058
8		0.00		3.60		4.049e-02		131.717		1.218e-02		13.959
8		0.00		4.00		4.085e-02		131.536		1.268e-02		14.604
8		0.00		4.40		4.164e-02		133.105		1.310e-02		11.978
8		0.00		4.80		4.337e-02		134.019		1.375e-02		14.677
8		0.00		5.20		4.397e-02		134.572		1.374e-02		12.962
8		0.00		5.60		4.222e-02		136.035		1.408e-02		13.213
8		0.00		6.00		4.650e-02		135.943		1.500e-02		12.232
8		0.00		6.40		4.496e-02		134.857		1.548e-02		13.418
8		0.00		6.80		4.868e-02		135.908		1.683e-02		11.602
8		0.00		7.20		4.954e-02		132.934		1.804e-02		22.560
8		0.00		7.60		4.893e-02		133.017		1.817e-02		21.087
8		0.00		8.00		5.224e-02		132.699		2.019e-02		22.404
8		0.00		8.40		5.388e-02		127.844		1.985e-02		28.273
8		0.00		8.80		5.424e-02		130.707		2.037e-02		32.550
8		0.00		9.20		5.635e-02		131.641		2.057e-02		27.060
8		0.00		9.60		5.864e-02		130.098		2.275e-02		32.728
8		0.00		10.00		5.733e-02		124.961		2.286e-02		52.242
8		0.00		9.60		5.615e-02		120.740		2.169e-02		59.708
8		0.00		9.20		5.869e-02		115.261		2.349e-02		55.415
8		0.00		8.80		5.112e-02		120.783		1.917e-02		49.222
8		0.00		8.40		5.399e-02		126.556		2.024e-02		37.191
8		0.00		8.00		5.160e-02		131.217		1.852e-02		27.226
8		0.00		7.60		4.942e-02		137.296		1.825e-02		12.250
8		0.00		7.20		4.841e-02		137.383		1.592e-02		13.135
8		0.00		6.80		5.155e-02		137.051		1.703e-02		14.457
8		0.00		6.40		5.277e-02		132.360		1.821e-02		17.711
8		0.00		6.00		4.980e-02		131.438		1.769e-02		19.042
8		0.00		5.60		4.823e-02		128.796		1.836e-02		21.017
8		0.00		5.20		4.475e-02		126.892		1.671e-02		22.590
8		0.00		4.80		4.017e-02		128.352		1.454e-02		24.053
8		0.00		4.40		3.558e-02		130.838		1.227e-02		22.704
8		0.00		4.00		2.959e-02		133.992		9.796e-03		19.799
8		0.00		3.60		2.299e-02		135.297		7.823e-03		18.831
8		0.00		3.20		1.662e-02		138.743		5.760e-03		20.896
8		0.00		2.80		1.040e-02		132.664		3.922e-03		47.015
8		0.00		2.40		4.666e-03		64.265		2.162e-03		102.966
8		0.00		2.00		4.710e-03		-70.823		1.725e-03		31.231
8		0.00		1.60		1.208e-02		-58.167		2.713e-03		13.647
8		0.00		1.20		1.817e-02		-56.623		3.552e-03		11.346
8		0.00		0.80		2.380e-02		-53.370		4.684e-03		10.259
8		0.00		0.40		2.944e-02		-53.223		6.340e-03		11.538
8		0.00		0.00		3.414e-02		-53.268		7.939e-03		10.329
8		0.00		-0.40		3.765e-02		-52.893		1.003e-02		11.723
8		0.00		-0.80		4.099e-02		-54.089		1.218e-02		14.099
8		0.00		-1.20		4.329e-02		-55.151		1.339e-02		16.100
8		0.00		-1.60		4.625e-02		-55.858		1.523e-02		19.093
8		0.00		-2.00		4.896e-02		-53.433		1.619e-02		17.766
8		0.00		-2.40		5.084e-02		-53.053		1.654e-02		18.799
8		0.00		-2.80		5.149e-02		-51.099		1.514e-02		16.284
8		0.00		-3.20		5.231e-02		-51.253		1.530e-02		15.760
8		0.00		-3.60		5.507e-02		-50.489		1.570e-02		12.890
8		0.00		-4.00		5.669e-02		-51.815		1.551e-02		14.411
8		0.00		-4.40		5.589e-02		-52.303		1.415e-02		15.428
8		0.00		-4.80		5.700e-02		-51.668		1.560e-02		17.801
8		0.00		-5.20		5.879e-02		-47.286		1.566e-02		15.325
8		0.00		-5.60		5.892e-02		-45.953		1.738e-02		17.221
8		0.00		-6.00		5.773e-02		-42.547		1.655e-02		19.398
8		0.00		-6.40		6.242e-02		-42.223		1.831e-02		18.225
8		0.00		-6.80		6.143e-02		-43.076		1.823e-02		16.321
8		0.00		-7.20		6.047e-02		-43.664		1.958e-02		19.543
8		0.00		-7.60		6.223e-02		-43.079		2.046e-02		20.734
8		0.00		-8.00		5.874e-02		-42.705		2.036e-02		24.974
8		0.00		-8.40		5.885e-02		-40.902		2.140e-02		27.273
8		0.00		-8.80		5.544e-02		-39.977		2.077e-02		26.408
8		0.00		-9.20		5.582e-02		-40.059		2.235e-02		27.978
8		0.00		-9.60		5.274e-02		-41.551		2.095e-02		22.647
8		0.00		-10.00		4.936e-02		-39.592		1.805e-02		27.360
8		0.00		-9.60		5.418e-02		-40.957		1.996e-02		24.768
8		0.00		-9.20		6.047e-02		-40.318		2.261e-02		21.114
8		0.00		-8.80		6.044e-02		-37.212		2.162e-02		23.978
8		0.00		-8.40		6.010e-02		-35.316		2.059e-02		24.166
8		0.00		-8.00		6.051e-02		-35.732		2.168e-02		20.765
8		0.00		-7.60		6.201e-02		-45.816		2.161e-02		23.431
8		0.00		-7.20		6.025e-02		-40.976		1.947e-02		21.124
8		0.00		-6.80		5.862e-02		-43.121		1.746e-02		23.356
8		0.00		-6.40		5.545e-02		-42.918		1.587e-02		20.648
8		0.00		-6.00		5.589e-02		-46.261		1.556e-02		17.873
8		0.00		-5.60		5.439e-02		-45.012		1.554e-02		14.396
8		0.00		-5.20		5.341e-02		-47.750		1.516e-02		13.035
8		0.00		-4.80		5.012e-02		-48.919		1.318e-02		13.048
8		0.00		-4.40		4.909e-02		-50.181		1.332e-02		11.685
8		0.00		-4.00		4.716e-02		-52.025		1.265e-02		11.674
8		0.00		-3.60		4.472e-02		-52.799		1.205e-02		11.570
8		0.00		-3.20		4.250e-02		-52.400		1.139e-02		11.107
8		0.00		-2.80		3.821e-02		-51.888		9.750e-03		11.527
8		0.00		-2.40		3.489e-02		-52.195		8.725e-03		12.055
8		0.00		-2.00		3.113e-02		-51.016		7.430e-03		11.002
8		0.00		-1.60		2.633e-02		-49.334		6.225e-03		10.723
8		0.00		-1.20		2.051e-02		-50.358		4.985e-03		12.192
8		0.00		-0.80		1.580e-02		-51.566		3.982e-03		13.818
8		0.00		-0.40		1.007e-02		-46.821		2.926e-03		12.882
