# Date of analysis: 2023-11-20 16;16
# 
# Loop index	Read Volt (V)	Write Volt (V)	Amplitude (a.u)	Phase (deg)	Sigma Amp (a.u)	Sigma Pha (deg)	
1		0.00		0.00		1.197e-02		-46.421		2.256e-03		13.276
1		0.00		0.40		1.186e-02		-45.392		2.593e-03		13.877
1		0.00		0.80		1.224e-02		-50.368		2.605e-03		11.449
1		0.00		1.20		1.230e-02		-45.660		2.393e-03		10.929
1		0.00		1.60		1.241e-02		-51.076		2.335e-03		12.261
1		0.00		2.00		1.231e-02		-51.388		2.657e-03		12.594
1		0.00		2.40		1.200e-02		-51.133		2.735e-03		15.622
1		0.00		2.80		1.206e-02		-50.148		2.950e-03		15.299
1		0.00		3.20		1.247e-02		-44.147		2.555e-03		11.684
1		0.00		3.60		1.275e-02		-50.229		2.610e-03		11.066
1		0.00		4.00		1.336e-02		-48.011		2.435e-03		10.367
1		0.00		4.40		1.365e-02		-45.201		2.757e-03		12.183
1		0.00		4.80		1.440e-02		-49.904		3.380e-03		12.456
1		0.00		5.20		1.502e-02		-53.938		3.748e-03		12.889
1		0.00		5.60		1.646e-02		-48.641		3.631e-03		11.342
1		0.00		6.00		1.767e-02		-52.538		3.025e-03		9.486
1		0.00		6.40		1.810e-02		-50.902		2.970e-03		10.440
1		0.00		6.80		1.952e-02		-50.748		3.361e-03		9.105
1		0.00		7.20		1.961e-02		-50.250		3.660e-03		10.714
1		0.00		7.60		2.010e-02		-49.403		4.460e-03		13.287
1		0.00		8.00		2.016e-02		-51.013		4.321e-03		9.846
1		0.00		8.40		2.201e-02		-50.364		4.057e-03		7.904
1		0.00		8.80		2.320e-02		-50.708		3.932e-03		9.489
1		0.00		9.20		2.427e-02		-49.549		4.150e-03		9.680
1		0.00		9.60		2.568e-02		-49.753		4.971e-03		8.308
1		0.00		10.00		2.746e-02		-50.468		5.894e-03		10.626
1		0.00		9.60		2.717e-02		-49.488		6.314e-03		10.518
1		0.00		9.20		2.793e-02		-51.597		6.477e-03		9.441
1		0.00		8.80		2.886e-02		-51.849		5.617e-03		10.132
1		0.00		8.40		2.954e-02		-51.582		4.897e-03		8.173
1		0.00		8.00		2.882e-02		-51.777		5.472e-03		9.185
1		0.00		7.60		2.825e-02		-48.942		5.947e-03		10.313
1		0.00		7.20		2.756e-02		-52.012		6.544e-03		10.822
1		0.00		6.80		2.779e-02		-50.203		6.568e-03		9.612
1		0.00		6.40		2.739e-02		-49.838		5.868e-03		9.040
1		0.00		6.00		2.807e-02		-51.712		5.224e-03		8.813
1		0.00		5.60		2.764e-02		-52.573		5.027e-03		10.107
1		0.00		5.20		2.681e-02		-51.541		5.197e-03		11.016
1		0.00		4.80		2.697e-02		-51.053		5.338e-03		10.629
1		0.00		4.40		2.628e-02		-50.373		6.023e-03		11.809
1		0.00		4.00		2.609e-02		-50.974		5.753e-03		10.628
1		0.00		3.60		2.600e-02		-49.850		5.068e-03		10.450
1		0.00		3.20		2.599e-02		-50.366		4.538e-03		8.226
1		0.00		2.80		2.669e-02		-51.413		4.730e-03		8.845
1		0.00		2.40		2.578e-02		-49.902		5.091e-03		11.215
1		0.00		2.00		2.555e-02		-51.313		5.584e-03		10.972
1		0.00		1.60		2.529e-02		-50.781		5.843e-03		11.065
1		0.00		1.20		2.461e-02		-51.648		6.410e-03		10.979
1		0.00		0.80		2.527e-02		-50.629		5.820e-03		10.030
1		0.00		0.40		2.520e-02		-50.355		5.313e-03		9.084
1		0.00		0.00		2.475e-02		-52.464		5.209e-03		10.696
1		0.00		-0.40		2.382e-02		-50.246		5.579e-03		12.476
1		0.00		-0.80		2.434e-02		-50.533		5.763e-03		12.633
1		0.00		-1.20		2.366e-02		-50.289		6.035e-03		12.012
1		0.00		-1.60		2.269e-02		-51.031		5.569e-03		10.089
1		0.00		-2.00		2.332e-02		-50.139		5.047e-03		10.106
1		0.00		-2.40		2.357e-02		-51.774		4.775e-03		9.530
1		0.00		-2.80		2.323e-02		-51.302		4.438e-03		8.667
1		0.00		-3.20		2.213e-02		-51.302		4.432e-03		10.147
1		0.00		-3.60		2.135e-02		-48.444		4.259e-03		10.353
1		0.00		-4.00		2.023e-02		-50.007		4.640e-03		12.162
1		0.00		-4.40		1.979e-02		-49.848		4.504e-03		10.193
1		0.00		-4.80		1.889e-02		-47.068		4.051e-03		10.009
1		0.00		-5.20		1.789e-02		-50.637		3.239e-03		11.632
1		0.00		-5.60		1.716e-02		-47.970		3.172e-03		9.418
1		0.00		-6.00		1.578e-02		-46.382		2.852e-03		11.935
1		0.00		-6.40		1.444e-02		-48.913		2.972e-03		10.500
1		0.00		-6.80		1.291e-02		-49.780		3.076e-03		14.378
1		0.00		-7.20		1.105e-02		-46.378		2.723e-03		12.656
1		0.00		-7.60		9.300e-03		-57.863		2.565e-03		19.964
1		0.00		-8.00		7.316e-03		-51.562		1.524e-03		13.651
1		0.00		-8.40		4.209e-03		-44.139		1.387e-03		21.736
1		0.00		-8.80		2.349e-03		-33.010		8.350e-04		48.361
1		0.00		-9.20		2.479e-03		67.584		1.055e-03		61.250
1		0.00		-9.60		5.028e-03		108.242		1.623e-03		33.131
1		0.00		-10.00		7.218e-03		117.769		2.145e-03		27.953
1		0.00		-9.60		7.893e-03		119.111		2.285e-03		24.196
1		0.00		-9.20		8.482e-03		116.435		2.416e-03		18.035
1		0.00		-8.80		8.055e-03		117.682		2.333e-03		22.118
1		0.00		-8.40		8.554e-03		119.405		2.046e-03		11.326
1		0.00		-8.00		8.446e-03		119.509		2.146e-03		13.730
1		0.00		-7.60		8.552e-03		123.660		1.877e-03		15.236
1		0.00		-7.20		8.359e-03		120.455		1.991e-03		17.678
1		0.00		-6.80		8.144e-03		120.096		2.009e-03		17.868
1		0.00		-6.40		7.786e-03		125.462		2.262e-03		15.584
1		0.00		-6.00		7.078e-03		125.392		2.109e-03		18.819
1		0.00		-5.60		7.013e-03		123.504		2.220e-03		16.202
1		0.00		-5.20		6.621e-03		119.116		1.984e-03		12.782
1		0.00		-4.80		6.845e-03		119.139		1.887e-03		17.743
1		0.00		-4.40		6.547e-03		117.776		1.975e-03		18.822
1		0.00		-4.00		6.239e-03		120.628		1.924e-03		19.612
1		0.00		-3.60		5.956e-03		119.871		1.747e-03		21.300
1		0.00		-3.20		5.498e-03		119.073		1.896e-03		34.152
1		0.00		-2.80		5.833e-03		119.928		1.912e-03		20.092
1		0.00		-2.40		5.443e-03		117.542		1.855e-03		24.073
1		0.00		-2.00		5.331e-03		114.499		1.890e-03		27.553
1		0.00		-1.60		5.024e-03		112.868		1.904e-03		28.278
1		0.00		-1.20		4.958e-03		119.142		1.773e-03		22.618
1		0.00		-0.80		4.865e-03		118.069		1.776e-03		21.250
1		0.00		-0.40		4.643e-03		113.963		1.747e-03		30.861
2		0.00		0.00		4.902e-03		122.639		1.437e-03		20.682
2		0.00		0.40		4.979e-03		118.288		1.717e-03		27.499
2		0.00		0.80		4.601e-03		121.317		1.545e-03		33.982
2		0.00		1.20		4.234e-03		111.762		1.599e-03		53.951
2		0.00		1.60		3.933e-03		110.392		1.395e-03		45.335
2		0.00		2.00		3.226e-03		90.312		1.357e-03		58.022
2		0.00		2.40		2.991e-03		92.676		1.248e-03		62.923
2		0.00		2.80		2.509e-03		73.068		1.033e-03		66.300
2		0.00		3.20		2.062e-03		65.235		8.252e-04		71.852
2		0.00		3.60		1.644e-03		-20.065		6.638e-04		75.784
2		0.00		4.00		1.881e-03		-12.579		8.451e-04		61.386
2		0.00		4.40		2.200e-03		-39.434		9.368e-04		57.487
2		0.00		4.80		3.201e-03		-48.623		1.137e-03		35.454
2		0.00		5.20		3.698e-03		-52.157		1.278e-03		29.433
2		0.00		5.60		4.331e-03		-39.240		1.294e-03		24.046
2		0.00		6.00		4.943e-03		-56.326		1.355e-03		20.831
2		0.00		6.40		6.244e-03		-50.398		1.576e-03		15.657
2		0.00		6.80		6.557e-03		-55.405		1.663e-03		15.275
2		0.00		7.20		7.370e-03		-47.502		1.682e-03		16.939
2		0.00		7.60		7.891e-03		-48.198		1.848e-03		15.159
2		0.00		8.00		8.824e-03		-45.621		2.022e-03		14.463
2		0.00		8.40		9.892e-03		-50.028		2.318e-03		15.691
2		0.00		8.80		1.151e-02		-51.906		2.365e-03		11.916
2		0.00		9.20		1.364e-02		-51.886		2.695e-03		10.199
2		0.00		9.60		1.544e-02		-54.148		2.876e-03		9.825
2		0.00		10.00		1.757e-02		-51.550		3.515e-03		11.369
2		0.00		9.60		1.806e-02		-52.935		3.750e-03		11.262
2		0.00		9.20		1.844e-02		-52.096		4.208e-03		13.181
2		0.00		8.80		1.904e-02		-52.893		4.807e-03		12.406
2		0.00		8.40		1.930e-02		-51.739		4.688e-03		11.652
2		0.00		8.00		1.961e-02		-51.728		4.913e-03		9.755
2		0.00		7.60		2.021e-02		-53.700		4.489e-03		9.278
2		0.00		7.20		2.023e-02		-51.026		4.029e-03		9.865
2		0.00		6.80		1.948e-02		-52.475		4.179e-03		12.113
2		0.00		6.40		1.900e-02		-49.490		4.331e-03		10.972
2		0.00		6.00		1.878e-02		-51.626		4.811e-03		13.237
2		0.00		5.60		1.806e-02		-53.791		5.075e-03		16.252
2		0.00		5.20		1.794e-02		-50.271		4.615e-03		11.919
2		0.00		4.80		1.821e-02		-52.082		4.167e-03		9.334
2		0.00		4.40		1.820e-02		-51.385		3.974e-03		10.967
2		0.00		4.00		1.757e-02		-50.902		3.486e-03		10.584
2		0.00		3.60		1.793e-02		-50.920		3.749e-03		10.709
2		0.00		3.20		1.773e-02		-50.967		4.111e-03		10.619
2		0.00		2.80		1.717e-02		-50.178		4.296e-03		13.472
2		0.00		2.40		1.707e-02		-51.818		4.037e-03		11.056
2		0.00		2.00		1.737e-02		-52.168		3.576e-03		10.028
2		0.00		1.60		1.762e-02		-51.311		3.488e-03		9.011
2		0.00		1.20		1.744e-02		-48.588		3.391e-03		10.132
2		0.00		0.80		1.685e-02		-50.079		3.409e-03		9.838
2		0.00		0.40		1.697e-02		-50.055		3.807e-03		11.101
2		0.00		0.00		1.674e-02		-50.417		4.104e-03		11.901
2		0.00		-0.40		1.633e-02		-49.798		4.336e-03		12.532
2		0.00		-0.80		1.683e-02		-51.955		3.497e-03		10.376
2		0.00		-1.20		1.677e-02		-50.094		3.143e-03		10.517
2		0.00		-1.60		1.649e-02		-49.928		3.016e-03		9.453
2		0.00		-2.00		1.629e-02		-49.278		2.972e-03		10.416
2		0.00		-2.40		1.514e-02		-49.032		3.183e-03		12.605
2		0.00		-2.80		1.477e-02		-48.358		3.617e-03		15.434
2		0.00		-3.20		1.439e-02		-51.429		3.518e-03		10.455
2		0.00		-3.60		1.371e-02		-48.203		3.303e-03		11.147
2		0.00		-4.00		1.352e-02		-51.906		2.817e-03		10.324
2		0.00		-4.40		1.339e-02		-48.522		2.387e-03		12.093
2		0.00		-4.80		1.275e-02		-48.379		2.706e-03		11.798
2		0.00		-5.20		1.203e-02		-49.500		2.435e-03		12.586
2		0.00		-5.60		1.003e-02		-46.089		2.484e-03		13.215
2		0.00		-6.00		8.910e-03		-43.479		2.202e-03		12.009
2		0.00		-6.40		8.795e-03		-46.788		2.230e-03		12.415
2		0.00		-6.80		7.417e-03		-46.297		1.670e-03		15.626
2		0.00		-7.20		6.096e-03		-45.648		1.547e-03		18.531
2		0.00		-7.60		4.745e-03		-45.114		1.216e-03		20.144
2		0.00		-8.00		2.996e-03		-29.011		1.143e-03		35.825
2		0.00		-8.40		2.222e-03		-28.421		8.690e-04		51.801
2		0.00		-8.80		1.756e-03		21.071		7.071e-04		72.261
2		0.00		-9.20		3.068e-03		95.836		1.224e-03		46.748
2		0.00		-9.60		4.732e-03		107.927		1.743e-03		40.089
2		0.00		-10.00		7.103e-03		118.049		2.346e-03		15.977
2		0.00		-9.60		8.165e-03		123.177		2.333e-03		24.348
2		0.00		-9.20		9.152e-03		124.863		2.751e-03		12.660
2		0.00		-8.80		9.316e-03		119.601		3.086e-03		21.259
2		0.00		-8.40		9.016e-03		119.259		2.955e-03		16.095
2		0.00		-8.00		9.730e-03		122.890		2.908e-03		11.744
2		0.00		-7.60		9.449e-03		123.775		2.663e-03		16.097
2		0.00		-7.20		9.308e-03		121.266		2.592e-03		16.973
2		0.00		-6.80		8.989e-03		121.100		2.638e-03		16.930
2		0.00		-6.40		8.360e-03		119.969		2.392e-03		18.954
2		0.00		-6.00		8.333e-03		121.798		2.655e-03		17.854
2		0.00		-5.60		8.090e-03		120.556		2.407e-03		16.054
2		0.00		-5.20		7.598e-03		124.483		2.335e-03		17.289
2		0.00		-4.80		7.524e-03		122.380		2.247e-03		15.144
2		0.00		-4.40		7.210e-03		123.211		2.220e-03		16.327
2		0.00		-4.00		7.198e-03		125.856		2.172e-03		19.731
2		0.00		-3.60		6.887e-03		120.054		2.016e-03		33.505
2		0.00		-3.20		6.950e-03		118.979		2.281e-03		13.970
2		0.00		-2.80		6.851e-03		120.662		2.040e-03		17.088
2		0.00		-2.40		7.540e-03		122.031		2.225e-03		13.804
2		0.00		-2.00		7.176e-03		124.072		2.084e-03		14.450
2		0.00		-1.60		6.891e-03		121.380		2.018e-03		19.078
2		0.00		-1.20		6.529e-03		125.722		2.089e-03		24.262
2		0.00		-0.80		6.399e-03		119.452		2.223e-03		25.640
2		0.00		-0.40		6.463e-03		122.244		2.028e-03		17.923
3		0.00		0.00		6.576e-03		118.459		1.977e-03		15.287
3		0.00		0.40		6.491e-03		120.453		1.803e-03		22.058
3		0.00		0.80		6.229e-03		121.597		1.946e-03		22.817
3		0.00		1.20		5.987e-03		121.768		1.866e-03		21.595
3		0.00		1.60		5.662e-03		123.033		1.912e-03		18.118
3		0.00		2.00		4.951e-03		119.934		1.552e-03		26.423
3		0.00		2.40		4.504e-03		115.162		1.567e-03		30.315
3		0.00		2.80		3.826e-03		113.630		1.337e-03		35.392
3		0.00		3.20		3.036e-03		101.285		1.288e-03		44.717
3		0.00		3.60		2.424e-03		85.221		9.910e-04		62.170
3		0.00		4.00		1.921e-03		41.192		8.474e-04		75.228
3		0.00		4.40		1.679e-03		-4.152		7.136e-04		75.294
3		0.00		4.80		1.961e-03		-27.356		7.317e-04		67.042
3		0.00		5.20		2.596e-03		-63.131		8.559e-04		44.611
3		0.00		5.60		3.046e-03		-50.777		1.073e-03		34.442
3		0.00		6.00		3.707e-03		-54.484		1.384e-03		28.122
3		0.00		6.40		4.617e-03		-49.378		1.356e-03		19.112
3		0.00		6.80		5.757e-03		-56.440		1.453e-03		16.767
3		0.00		7.20		6.280e-03		-59.159		1.576e-03		18.913
3		0.00		7.60		7.203e-03		-46.665		1.706e-03		15.317
3		0.00		8.00		8.163e-03		-47.743		2.107e-03		15.766
3		0.00		8.40		9.324e-03		-51.955		2.603e-03		17.112
3		0.00		8.80		1.022e-02		-53.984		2.829e-03		13.826
3		0.00		9.20		1.166e-02		-52.413		3.189e-03		13.019
3		0.00		9.60		1.353e-02		-52.617		3.023e-03		11.337
3		0.00		10.00		1.527e-02		-54.346		2.967e-03		11.438
3		0.00		9.60		1.630e-02		-50.943		3.669e-03		12.185
3		0.00		9.20		1.677e-02		-53.313		3.938e-03		12.171
3		0.00		8.80		1.724e-02		-51.259		4.162e-03		10.848
3		0.00		8.40		1.742e-02		-52.286		4.233e-03		11.574
3		0.00		8.00		1.780e-02		-52.995		3.784e-03		10.452
3		0.00		7.60		1.804e-02		-52.614		3.769e-03		9.473
3		0.00		7.20		1.736e-02		-49.977		3.604e-03		9.875
3		0.00		6.80		1.766e-02		-48.815		3.959e-03		10.415
3		0.00		6.40		1.719e-02		-51.206		4.279e-03		16.171
3		0.00		6.00		1.700e-02		-52.297		4.203e-03		11.155
3		0.00		5.60		1.717e-02		-50.036		3.740e-03		8.716
3		0.00		5.20		1.750e-02		-53.795		3.468e-03		9.856
3		0.00		4.80		1.709e-02		-50.139		3.500e-03		10.828
3		0.00		4.40		1.670e-02		-51.117		3.262e-03		9.765
3		0.00		4.00		1.600e-02		-50.175		3.907e-03		13.068
3		0.00		3.60		1.570e-02		-53.372		4.280e-03		13.001
3		0.00		3.20		1.588e-02		-50.464		3.877e-03		12.919
3		0.00		2.80		1.609e-02		-52.543		3.252e-03		10.584
3		0.00		2.40		1.607e-02		-51.676		3.250e-03		10.919
3		0.00		2.00		1.588e-02		-49.429		3.542e-03		11.855
3		0.00		1.60		1.561e-02		-51.101		3.762e-03		14.149
3		0.00		1.20		1.520e-02		-50.396		3.887e-03		13.427
3		0.00		0.80		1.543e-02		-50.535		3.549e-03		10.824
3		0.00		0.40		1.587e-02		-48.403		3.074e-03		10.574
3		0.00		0.00		1.582e-02		-49.462		3.034e-03		10.580
3		0.00		-0.40		1.559e-02		-50.813		2.992e-03		10.578
3		0.00		-0.80		1.552e-02		-49.424		3.272e-03		12.484
3		0.00		-1.20		1.521e-02		-48.340		3.707e-03		11.244
3		0.00		-1.60		1.449e-02		-50.564		3.457e-03		11.553
3		0.00		-2.00		1.397e-02		-47.300		2.583e-03		10.746
3		0.00		-2.40		1.410e-02		-49.558		2.715e-03		10.405
3		0.00		-2.80		1.372e-02		-48.477		2.814e-03		10.139
3		0.00		-3.20		1.339e-02		-50.656		3.293e-03		9.995
3		0.00		-3.60		1.293e-02		-46.184		3.431e-03		11.565
3		0.00		-4.00		1.197e-02		-47.026		3.365e-03		12.711
3		0.00		-4.40		1.200e-02		-48.763		2.775e-03		10.314
3		0.00		-4.80		1.108e-02		-51.890		2.369e-03		16.080
3		0.00		-5.20		1.080e-02		-51.878		2.607e-03		12.322
3		0.00		-5.60		9.677e-03		-45.812		2.136e-03		13.880
3		0.00		-6.00		8.677e-03		-48.247		2.282e-03		14.243
3		0.00		-6.40		7.152e-03		-46.818		2.013e-03		16.482
3		0.00		-6.80		6.159e-03		-42.849		1.663e-03		15.921
3		0.00		-7.20		4.682e-03		-51.603		1.203e-03		16.411
3		0.00		-7.60		3.822e-03		-47.020		1.429e-03		29.950
3		0.00		-8.00		2.732e-03		-22.768		1.058e-03		33.365
3		0.00		-8.40		1.741e-03		-17.419		7.512e-04		65.764
3		0.00		-8.80		1.842e-03		22.450		7.020e-04		71.220
3		0.00		-9.20		3.164e-03		105.352		1.123e-03		37.335
3		0.00		-9.60		4.442e-03		110.952		1.549e-03		44.240
3		0.00		-10.00		7.183e-03		115.041		1.934e-03		14.803
3		0.00		-9.60		8.564e-03		121.805		2.009e-03		12.709
3		0.00		-9.20		9.314e-03		124.573		2.227e-03		12.060
3		0.00		-8.80		9.314e-03		127.064		2.325e-03		13.534
3		0.00		-8.40		8.811e-03		122.011		2.697e-03		22.674
3		0.00		-8.00		8.904e-03		118.048		2.505e-03		17.617
3		0.00		-7.60		8.876e-03		121.503		2.399e-03		12.509
3		0.00		-7.20		9.339e-03		127.695		2.626e-03		12.702
3		0.00		-6.80		9.162e-03		122.150		2.143e-03		12.929
3		0.00		-6.40		8.569e-03		126.145		1.999e-03		11.487
3		0.00		-6.00		8.581e-03		125.584		2.183e-03		10.861
3		0.00		-5.60		8.268e-03		120.205		2.314e-03		18.869
3		0.00		-5.20		8.030e-03		120.762		2.390e-03		20.694
3		0.00		-4.80		7.460e-03		124.279		2.063e-03		22.721
3		0.00		-4.40		7.139e-03		120.013		2.011e-03		22.794
3		0.00		-4.00		7.315e-03		119.257		1.944e-03		13.141
3		0.00		-3.60		7.144e-03		125.131		1.994e-03		17.033
3		0.00		-3.20		7.342e-03		123.600		1.933e-03		17.265
3		0.00		-2.80		7.042e-03		124.787		1.654e-03		16.032
3		0.00		-2.40		7.119e-03		124.387		2.024e-03		21.803
3		0.00		-2.00		6.836e-03		119.624		1.909e-03		19.320
3		0.00		-1.60		6.899e-03		125.913		2.187e-03		18.255
3		0.00		-1.20		6.678e-03		118.967		1.993e-03		19.749
3		0.00		-0.80		6.590e-03		115.989		1.994e-03		18.079
3		0.00		-0.40		6.597e-03		120.467		1.912e-03		19.003
4		0.00		0.00		6.727e-03		122.625		2.027e-03		13.387
4		0.00		0.40		7.013e-03		121.821		1.850e-03		15.679
4		0.00		0.80		6.305e-03		118.004		2.275e-03		26.773
4		0.00		1.20		6.265e-03		121.055		2.241e-03		28.905
4		0.00		1.60		5.584e-03		119.134		1.680e-03		25.176
4		0.00		2.00		5.507e-03		120.475		1.925e-03		27.453
4		0.00		2.40		5.002e-03		123.292		1.617e-03		25.748
4		0.00		2.80		4.454e-03		120.500		1.662e-03		24.915
4		0.00		3.20		3.293e-03		106.239		1.303e-03		38.589
4		0.00		3.60		2.669e-03		82.869		1.114e-03		58.869
4		0.00		4.00		1.963e-03		58.887		7.943e-04		69.909
4		0.00		4.40		1.717e-03		-9.189		7.418e-04		80.830
4		0.00		4.80		1.817e-03		-5.656		8.276e-04		66.305
4		0.00		5.20		2.084e-03		-55.906		9.298e-04		51.232
4		0.00		5.60		3.024e-03		-56.966		1.226e-03		34.087
4		0.00		6.00		3.633e-03		-45.521		1.153e-03		29.626
4		0.00		6.40		4.059e-03		-47.673		1.275e-03		24.539
4		0.00		6.80		4.991e-03		-44.838		1.337e-03		19.023
4		0.00		7.20		5.412e-03		-40.537		1.634e-03		22.986
4		0.00		7.60		6.242e-03		-47.179		1.744e-03		16.324
4		0.00		8.00		7.551e-03		-46.749		1.790e-03		13.476
4		0.00		8.40		8.897e-03		-48.192		1.960e-03		12.438
4		0.00		8.80		1.025e-02		-48.911		2.011e-03		11.452
4		0.00		9.20		1.175e-02		-53.568		2.203e-03		11.698
4		0.00		9.60		1.301e-02		-52.740		2.723e-03		11.564
4		0.00		10.00		1.487e-02		-54.816		3.155e-03		11.141
4		0.00		9.60		1.572e-02		-49.745		3.920e-03		11.640
4		0.00		9.20		1.630e-02		-50.515		4.111e-03		10.768
4		0.00		8.80		1.731e-02		-52.162		4.147e-03		9.895
4		0.00		8.40		1.728e-02		-49.453		3.436e-03		9.930
4		0.00		8.00		1.798e-02		-51.158		3.080e-03		9.177
4		0.00		7.60		1.781e-02		-50.342		3.518e-03		9.849
4		0.00		7.20		1.702e-02		-49.713		3.048e-03		11.792
4		0.00		6.80		1.630e-02		-52.233		3.551e-03		11.938
4		0.00		6.40		1.658e-02		-50.874		3.858e-03		12.316
4		0.00		6.00		1.670e-02		-50.652		3.544e-03		9.657
4		0.00		5.60		1.685e-02		-54.155		3.037e-03		8.843
4		0.00		5.20		1.676e-02		-51.688		2.749e-03		9.032
4		0.00		4.80		1.653e-02		-51.086		2.943e-03		9.687
4		0.00		4.40		1.598e-02		-49.377		3.010e-03		10.277
4		0.00		4.00		1.565e-02		-49.653		3.339e-03		10.239
4		0.00		3.60		1.542e-02		-53.263		3.806e-03		13.656
4		0.00		3.20		1.517e-02		-51.623		3.788e-03		11.775
4		0.00		2.80		1.536e-02		-50.178		3.307e-03		11.760
4		0.00		2.40		1.556e-02		-51.724		3.044e-03		9.734
4		0.00		2.00		1.529e-02		-47.034		2.971e-03		11.959
4		0.00		1.60		1.501e-02		-51.554		3.005e-03		9.068
4		0.00		1.20		1.439e-02		-49.306		3.440e-03		11.716
4		0.00		0.80		1.411e-02		-50.620		3.664e-03		12.937
4		0.00		0.40		1.467e-02		-49.417		3.747e-03		11.407
4		0.00		0.00		1.474e-02		-51.377		3.329e-03		10.735
4		0.00		-0.40		1.511e-02		-51.462		2.796e-03		10.365
4		0.00		-0.80		1.487e-02		-48.793		2.794e-03		10.749
4		0.00		-1.20		1.445e-02		-52.518		2.753e-03		11.253
4		0.00		-1.60		1.420e-02		-47.635		2.791e-03		12.172
4		0.00		-2.00		1.438e-02		-49.903		3.076e-03		10.529
4		0.00		-2.40		1.393e-02		-49.684		3.154e-03		11.157
4		0.00		-2.80		1.351e-02		-50.679		2.489e-03		9.454
4		0.00		-3.20		1.326e-02		-49.951		2.228e-03		10.995
4		0.00		-3.60		1.244e-02		-49.744		2.358e-03		10.261
4		0.00		-4.00		1.252e-02		-47.916		2.178e-03		9.651
4		0.00		-4.40		1.154e-02		-52.033		2.376e-03		13.275
4		0.00		-4.80		1.094e-02		-45.773		2.741e-03		13.313
4		0.00		-5.20		9.892e-03		-45.867		2.215e-03		13.577
4		0.00		-5.60		9.411e-03		-49.621		2.003e-03		12.099
4		0.00		-6.00		8.411e-03		-56.193		1.714e-03		13.986
4		0.00		-6.40		7.656e-03		-45.778		1.696e-03		17.046
4		0.00		-6.80		6.090e-03		-52.347		1.406e-03		16.606
4		0.00		-7.20		5.018e-03		-43.347		1.511e-03		25.631
4		0.00		-7.60		3.977e-03		-44.973		1.402e-03		26.062
4		0.00		-8.00		2.972e-03		-55.519		1.178e-03		33.007
4		0.00		-8.40		2.598e-03		-35.433		1.063e-03		52.878
4		0.00		-8.80		1.955e-03		25.621		9.607e-04		71.427
4		0.00		-9.20		2.604e-03		85.314		9.589e-04		55.497
4		0.00		-9.60		4.454e-03		110.956		1.432e-03		32.123
4		0.00		-10.00		6.690e-03		117.578		2.216e-03		19.518
4		0.00		-9.60		8.064e-03		118.248		2.010e-03		13.841
4		0.00		-9.20		8.789e-03		121.970		2.120e-03		13.862
4		0.00		-8.80		9.064e-03		127.523		2.302e-03		13.684
4		0.00		-8.40		9.844e-03		125.741		2.079e-03		10.424
4		0.00		-8.00		9.282e-03		120.668		2.607e-03		26.455
4		0.00		-7.60		9.529e-03		127.487		2.574e-03		13.113
4		0.00		-7.20		9.181e-03		127.101		2.273e-03		11.377
4		0.00		-6.80		9.514e-03		126.970		2.314e-03		10.805
4		0.00		-6.40		9.609e-03		123.107		2.077e-03		13.140
4		0.00		-6.00		8.760e-03		124.561		2.243e-03		16.679
4		0.00		-5.60		8.647e-03		125.304		2.502e-03		18.083
4		0.00		-5.20		8.444e-03		121.738		2.447e-03		12.858
4		0.00		-4.80		8.354e-03		121.830		2.018e-03		13.032
4		0.00		-4.40		8.596e-03		125.214		2.165e-03		13.247
4		0.00		-4.00		8.244e-03		123.460		2.183e-03		13.956
4		0.00		-3.60		7.777e-03		125.497		2.005e-03		16.846
4		0.00		-3.20		7.606e-03		116.289		2.342e-03		21.281
4		0.00		-2.80		7.777e-03		123.695		2.403e-03		19.268
4		0.00		-2.40		7.839e-03		126.811		2.130e-03		15.734
4		0.00		-2.00		8.309e-03		120.953		2.084e-03		13.400
4		0.00		-1.60		8.132e-03		122.720		1.882e-03		11.738
4		0.00		-1.20		7.737e-03		125.568		1.875e-03		12.642
4		0.00		-0.80		7.595e-03		124.560		1.878e-03		15.431
4		0.00		-0.40		7.419e-03		125.801		1.834e-03		16.750
5		0.00		0.00		7.414e-03		124.250		1.968e-03		18.677
5		0.00		0.40		7.472e-03		127.199		1.653e-03		11.252
5		0.00		0.80		7.207e-03		124.144		1.667e-03		14.254
5		0.00		1.20		6.558e-03		117.304		1.775e-03		13.607
5		0.00		1.60		6.240e-03		124.202		1.638e-03		19.050
5		0.00		2.00		5.876e-03		118.824		1.792e-03		31.145
5		0.00		2.40		5.411e-03		124.005		1.676e-03		17.027
5		0.00		2.80		5.206e-03		122.234		1.621e-03		17.123
5		0.00		3.20		4.353e-03		119.684		1.362e-03		22.628
5		0.00		3.60		3.590e-03		114.876		1.339e-03		34.256
5		0.00		4.00		2.880e-03		104.292		1.160e-03		51.284
5		0.00		4.40		2.016e-03		41.474		8.236e-04		71.202
5		0.00		4.80		1.576e-03		-11.176		6.718e-04		74.098
5		0.00		5.20		1.850e-03		-50.622		7.861e-04		73.862
5		0.00		5.60		2.300e-03		-49.612		8.265e-04		52.844
5		0.00		6.00		2.910e-03		-43.137		1.167e-03		36.418
5		0.00		6.40		3.824e-03		-54.142		1.199e-03		22.585
5		0.00		6.80		4.477e-03		-55.267		1.216e-03		21.339
5		0.00		7.20		4.750e-03		-53.173		1.333e-03		19.910
5		0.00		7.60		5.705e-03		-50.869		1.442e-03		18.827
5		0.00		8.00		6.633e-03		-43.002		1.769e-03		16.923
5		0.00		8.40		7.852e-03		-45.949		1.925e-03		14.785
5		0.00		8.80		8.918e-03		-48.774		2.042e-03		12.309
5		0.00		9.20		1.087e-02		-49.053		2.378e-03		11.019
5		0.00		9.60		1.221e-02		-51.198		2.346e-03		12.529
5		0.00		10.00		1.474e-02		-52.089		2.556e-03		9.075
5		0.00		9.60		1.535e-02		-51.310		2.731e-03		10.515
5		0.00		9.20		1.621e-02		-49.745		3.248e-03		11.030
5		0.00		8.80		1.615e-02		-51.166		3.607e-03		10.031
5		0.00		8.40		1.612e-02		-50.546		3.870e-03		13.652
5		0.00		8.00		1.591e-02		-52.950		4.014e-03		14.751
5		0.00		7.60		1.618e-02		-51.048		4.230e-03		11.760
5		0.00		7.20		1.582e-02		-49.623		3.597e-03		10.238
5		0.00		6.80		1.623e-02		-52.503		3.338e-03		10.005
5		0.00		6.40		1.606e-02		-47.478		3.161e-03		8.762
5		0.00		6.00		1.583e-02		-51.792		3.000e-03		9.128
5		0.00		5.60		1.608e-02		-48.818		3.009e-03		9.312
5		0.00		5.20		1.559e-02		-49.155		2.885e-03		9.914
5		0.00		4.80		1.521e-02		-48.928		3.060e-03		9.074
5		0.00		4.40		1.556e-02		-48.670		3.193e-03		11.184
5		0.00		4.00		1.472e-02		-46.729		3.298e-03		11.602
5		0.00		3.60		1.482e-02		-49.129		3.422e-03		11.476
5		0.00		3.20		1.496e-02		-49.016		3.330e-03		9.910
5		0.00		2.80		1.447e-02		-47.743		2.777e-03		10.866
5		0.00		2.40		1.470e-02		-52.772		2.884e-03		10.685
5		0.00		2.00		1.497e-02		-51.118		2.984e-03		9.858
5		0.00		1.60		1.489e-02		-49.443		2.709e-03		9.562
5		0.00		1.20		1.485e-02		-52.839		2.664e-03		12.275
5		0.00		0.80		1.443e-02		-50.091		2.771e-03		8.601
5		0.00		0.40		1.457e-02		-48.818		2.943e-03		12.362
5		0.00		0.00		1.414e-02		-52.987		3.135e-03		15.204
5		0.00		-0.40		1.414e-02		-50.416		3.153e-03		11.231
5		0.00		-0.80		1.349e-02		-50.076		3.316e-03		13.584
5		0.00		-1.20		1.345e-02		-48.489		3.284e-03		11.569
5		0.00		-1.60		1.327e-02		-50.818		3.097e-03		11.332
5		0.00		-2.00		1.342e-02		-49.933		2.627e-03		11.578
5		0.00		-2.40		1.313e-02		-48.998		2.514e-03		8.726
5		0.00		-2.80		1.256e-02		-49.530		2.329e-03		12.116
5		0.00		-3.20		1.281e-02		-49.919		2.170e-03		11.341
5		0.00		-3.60		1.173e-02		-50.431		2.399e-03		12.291
5		0.00		-4.00		1.121e-02		-48.125		2.227e-03		11.705
5		0.00		-4.40		1.002e-02		-45.294		2.218e-03		13.173
5		0.00		-4.80		1.014e-02		-48.140		2.179e-03		14.509
5		0.00		-5.20		9.471e-03		-47.777		2.274e-03		12.886
5		0.00		-5.60		8.876e-03		-49.304		2.130e-03		13.275
5		0.00		-6.00		7.815e-03		-52.165		1.977e-03		14.582
5		0.00		-6.40		7.047e-03		-46.291		1.629e-03		16.488
5		0.00		-6.80		5.621e-03		-50.598		1.342e-03		18.212
5		0.00		-7.20		4.746e-03		-48.119		1.195e-03		21.530
5		0.00		-7.60		3.768e-03		-43.997		1.264e-03		26.962
5		0.00		-8.00		2.702e-03		-40.613		1.027e-03		39.698
5		0.00		-8.40		1.781e-03		-9.760		7.988e-04		69.632
5		0.00		-8.80		1.977e-03		34.679		7.848e-04		63.575
5		0.00		-9.20		3.045e-03		91.825		1.150e-03		39.208
5		0.00		-9.60		5.127e-03		112.280		1.688e-03		28.148
5		0.00		-10.00		6.332e-03		120.010		2.102e-03		21.348
5		0.00		-9.60		7.890e-03		122.027		2.529e-03		17.909
5		0.00		-9.20		9.051e-03		123.244		2.416e-03		15.865
5		0.00		-8.80		9.419e-03		122.954		2.453e-03		12.438
5		0.00		-8.40		9.379e-03		121.106		2.259e-03		12.995
5		0.00		-8.00		9.393e-03		127.094		2.143e-03		12.266
5		0.00		-7.60		9.464e-03		122.714		2.341e-03		12.996
5		0.00		-7.20		9.187e-03		127.123		2.134e-03		13.705
5		0.00		-6.80		8.853e-03		122.823		2.509e-03		19.025
5		0.00		-6.40		8.430e-03		125.701		2.458e-03		17.662
5		0.00		-6.00		8.156e-03		120.825		2.273e-03		13.837
5		0.00		-5.60		8.403e-03		127.529		2.162e-03		11.697
5		0.00		-5.20		7.807e-03		119.622		2.065e-03		15.007
5		0.00		-4.80		8.141e-03		125.301		1.894e-03		12.335
5		0.00		-4.40		8.088e-03		122.385		1.624e-03		14.243
5		0.00		-4.00		8.178e-03		121.992		1.897e-03		13.756
5		0.00		-3.60		8.132e-03		126.179		1.890e-03		13.020
5		0.00		-3.20		7.742e-03		121.717		2.032e-03		15.947
5		0.00		-2.80		7.715e-03		118.931		2.103e-03		19.783
5		0.00		-2.40		7.277e-03		116.998		2.096e-03		21.429
5		0.00		-2.00		7.193e-03		118.354		2.007e-03		16.768
5		0.00		-1.60		7.545e-03		127.389		2.023e-03		13.667
5		0.00		-1.20		7.520e-03		125.419		2.000e-03		11.831
5		0.00		-0.80		7.690e-03		119.577		1.829e-03		17.918
5		0.00		-0.40		7.389e-03		120.403		1.814e-03		15.358
6		0.00		0.00		7.396e-03		123.160		1.762e-03		14.356
6		0.00		0.40		7.053e-03		122.191		1.931e-03		19.222
6		0.00		0.80		7.044e-03		122.556		1.940e-03		16.982
6		0.00		1.20		6.791e-03		124.664		1.821e-03		17.295
6		0.00		1.60		6.178e-03		118.284		1.844e-03		12.228
6		0.00		2.00		5.728e-03		122.243		1.531e-03		16.204
6		0.00		2.40		5.343e-03		123.718		1.255e-03		17.668
6		0.00		2.80		4.613e-03		123.450		1.460e-03		20.401
6		0.00		3.20		3.782e-03		114.013		1.363e-03		28.323
6		0.00		3.60		2.974e-03		92.058		1.004e-03		52.015
6		0.00		4.00		2.280e-03		74.981		8.522e-04		67.661
6		0.00		4.40		1.926e-03		45.269		8.670e-04		72.602
6		0.00		4.80		1.516e-03		6.418		6.945e-04		69.636
6		0.00		5.20		1.972e-03		-26.322		7.893e-04		53.274
6		0.00		5.60		2.560e-03		-61.031		9.748e-04		48.077
6		0.00		6.00		2.783e-03		-48.960		1.216e-03		42.729
6		0.00		6.40		3.389e-03		-53.495		1.309e-03		30.957
6		0.00		6.80		3.771e-03		-47.701		1.378e-03		27.242
6		0.00		7.20		5.074e-03		-37.627		1.588e-03		20.912
6		0.00		7.60		5.746e-03		-50.243		1.435e-03		17.225
6		0.00		8.00		7.122e-03		-53.362		1.777e-03		17.907
6		0.00		8.40		7.881e-03		-55.163		1.658e-03		16.259
6		0.00		8.80		8.434e-03		-46.093		1.945e-03		19.798
6		0.00		9.20		1.048e-02		-54.242		2.440e-03		12.326
6		0.00		9.60		1.141e-02		-48.556		2.872e-03		12.197
6		0.00		10.00		1.319e-02		-46.533		2.614e-03		9.109
6		0.00		9.60		1.440e-02		-51.915		2.598e-03		10.731
6		0.00		9.20		1.497e-02		-51.463		2.649e-03		11.199
6		0.00		8.80		1.492e-02		-51.146		3.247e-03		14.142
6		0.00		8.40		1.526e-02		-50.639		3.517e-03		10.488
6		0.00		8.00		1.534e-02		-48.848		3.605e-03		10.195
6		0.00		7.60		1.555e-02		-52.195		2.762e-03		11.163
6		0.00		7.20		1.567e-02		-51.482		2.707e-03		11.009
6		0.00		6.80		1.548e-02		-51.321		2.675e-03		9.267
6		0.00		6.40		1.536e-02		-50.953		3.413e-03		11.889
6		0.00		6.00		1.512e-02		-50.215		3.589e-03		11.442
6		0.00		5.60		1.473e-02		-49.485		3.413e-03		11.700
6		0.00		5.20		1.541e-02		-52.135		2.909e-03		8.534
6		0.00		4.80		1.549e-02		-52.708		2.684e-03		8.418
6		0.00		4.40		1.482e-02		-51.293		2.724e-03		10.689
6		0.00		4.00		1.504e-02		-51.233		2.767e-03		11.685
6		0.00		3.60		1.454e-02		-52.306		3.246e-03		13.177
6		0.00		3.20		1.447e-02		-49.783		2.963e-03		9.936
6		0.00		2.80		1.452e-02		-52.173		2.651e-03		8.873
6		0.00		2.40		1.447e-02		-49.878		2.512e-03		9.027
6		0.00		2.00		1.468e-02		-48.737		2.315e-03		10.057
6		0.00		1.60		1.390e-02		-51.198		2.979e-03		10.143
6		0.00		1.20		1.356e-02		-49.408		3.275e-03		12.954
6		0.00		0.80		1.374e-02		-48.639		2.943e-03		11.610
6		0.00		0.40		1.406e-02		-48.347		2.495e-03		9.473
6		0.00		0.00		1.350e-02		-51.233		2.720e-03		11.501
6		0.00		-0.40		1.375e-02		-49.577		3.010e-03		11.176
6		0.00		-0.80		1.273e-02		-48.823		3.221e-03		13.944
6		0.00		-1.20		1.254e-02		-45.168		3.493e-03		11.485
6		0.00		-1.60		1.214e-02		-47.949		2.750e-03		9.443
6		0.00		-2.00		1.230e-02		-47.285		2.497e-03		8.834
6		0.00		-2.40		1.232e-02		-53.074		2.334e-03		10.684
6		0.00		-2.80		1.216e-02		-51.254		2.638e-03		12.495
6		0.00		-3.20		1.077e-02		-43.848		2.839e-03		15.859
6		0.00		-3.60		1.045e-02		-48.306		3.042e-03		16.472
6		0.00		-4.00		1.074e-02		-49.370		2.387e-03		11.099
6		0.00		-4.40		1.007e-02		-51.073		1.961e-03		14.154
6		0.00		-4.80		1.003e-02		-52.639		2.027e-03		11.421
6		0.00		-5.20		8.935e-03		-50.678		2.037e-03		14.911
6		0.00		-5.60		8.313e-03		-53.238		1.907e-03		12.382
6		0.00		-6.00		7.349e-03		-50.983		1.820e-03		16.243
6		0.00		-6.40		6.368e-03		-45.305		1.336e-03		15.945
6		0.00		-6.80		5.549e-03		-45.923		1.314e-03		18.837
6		0.00		-7.20		4.976e-03		-47.967		1.552e-03		20.395
6		0.00		-7.60		3.733e-03		-42.230		1.340e-03		31.019
6		0.00		-8.00		2.573e-03		-34.832		9.879e-04		43.145
6		0.00		-8.40		1.941e-03		-20.898		7.637e-04		59.174
6		0.00		-8.80		1.794e-03		26.214		7.308e-04		76.188
6		0.00		-9.20		2.875e-03		100.596		1.105e-03		35.283
6		0.00		-9.60		4.201e-03		109.722		1.445e-03		29.912
6		0.00		-10.00		5.607e-03		117.116		1.567e-03		20.688
6		0.00		-9.60		6.922e-03		127.235		2.108e-03		17.158
6		0.00		-9.20		8.069e-03		123.961		1.941e-03		12.200
6		0.00		-8.80		8.565e-03		124.431		1.836e-03		15.654
6		0.00		-8.40		9.011e-03		125.288		2.081e-03		12.524
6		0.00		-8.00		8.434e-03		124.278		2.377e-03		17.047
6		0.00		-7.60		8.180e-03		125.190		2.478e-03		20.834
6		0.00		-7.20		8.290e-03		122.530		2.178e-03		13.301
6		0.00		-6.80		8.232e-03		122.894		2.080e-03		13.084
6		0.00		-6.40		8.493e-03		120.807		1.816e-03		12.427
6		0.00		-6.00		7.821e-03		123.339		1.760e-03		13.347
6		0.00		-5.60		8.012e-03		122.500		2.081e-03		18.233
6		0.00		-5.20		7.559e-03		123.339		2.134e-03		15.421
6		0.00		-4.80		7.565e-03		127.025		1.902e-03		10.398
6		0.00		-4.40		7.805e-03		122.771		1.667e-03		13.042
6		0.00		-4.00		7.725e-03		124.675		1.779e-03		13.336
6		0.00		-3.60		7.225e-03		126.041		1.653e-03		16.439
6		0.00		-3.20		7.424e-03		117.301		2.088e-03		25.081
6		0.00		-2.80		7.396e-03		123.646		2.019e-03		11.723
6		0.00		-2.40		7.439e-03		121.795		1.895e-03		16.730
6		0.00		-2.00		7.303e-03		125.919		1.851e-03		13.219
6		0.00		-1.60		7.444e-03		121.965		1.939e-03		14.878
6		0.00		-1.20		7.192e-03		121.584		1.863e-03		13.996
6		0.00		-0.80		6.972e-03		121.465		2.114e-03		16.394
6		0.00		-0.40		7.158e-03		119.442		2.053e-03		14.795
7		0.00		0.00		6.889e-03		124.266		1.718e-03		12.390
7		0.00		0.40		6.478e-03		116.283		1.784e-03		18.114
7		0.00		0.80		6.553e-03		123.081		1.974e-03		17.286
7		0.00		1.20		6.367e-03		122.294		1.979e-03		23.316
7		0.00		1.60		5.934e-03		113.862		1.872e-03		14.898
7		0.00		2.00		5.813e-03		123.584		1.809e-03		18.602
7		0.00		2.40		5.328e-03		116.054		1.504e-03		16.448
7		0.00		2.80		4.717e-03		121.312		1.549e-03		28.693
7		0.00		3.20		3.884e-03		109.264		1.422e-03		44.278
7		0.00		3.60		3.100e-03		110.096		1.076e-03		42.311
7		0.00		4.00		2.516e-03		84.416		1.122e-03		66.355
7		0.00		4.40		1.799e-03		43.760		7.560e-04		73.780
7		0.00		4.80		1.832e-03		-17.263		7.687e-04		69.023
7		0.00		5.20		2.041e-03		-34.100		8.062e-04		63.168
7		0.00		5.60		2.275e-03		-31.091		9.384e-04		50.525
7		0.00		6.00		2.663e-03		-42.606		1.109e-03		46.225
7		0.00		6.40		3.292e-03		-65.658		1.216e-03		26.699
7		0.00		6.80		4.158e-03		-50.383		1.179e-03		20.085
7		0.00		7.20		4.812e-03		-49.201		1.402e-03		18.693
7		0.00		7.60		5.628e-03		-47.528		1.317e-03		16.298
7		0.00		8.00		6.351e-03		-52.313		1.880e-03		22.158
7		0.00		8.40		7.172e-03		-52.108		1.843e-03		16.688
7		0.00		8.80		8.630e-03		-50.074		1.942e-03		13.112
7		0.00		9.20		1.025e-02		-50.436		2.084e-03		11.269
7		0.00		9.60		1.204e-02		-52.394		1.984e-03		10.801
7		0.00		10.00		1.297e-02		-54.152		2.595e-03		12.485
7		0.00		9.60		1.338e-02		-49.819		3.130e-03		14.060
7		0.00		9.20		1.368e-02		-48.403		3.305e-03		12.645
7		0.00		8.80		1.435e-02		-52.061		2.922e-03		10.128
7		0.00		8.40		1.511e-02		-51.885		2.470e-03		10.595
7		0.00		8.00		1.551e-02		-50.460		2.869e-03		11.913
7		0.00		7.60		1.503e-02		-50.565		2.830e-03		10.313
7		0.00		7.20		1.440e-02		-51.795		3.273e-03		10.210
7		0.00		6.80		1.475e-02		-52.283		3.426e-03		12.927
7		0.00		6.40		1.491e-02		-53.533		2.945e-03		9.591
7		0.00		6.00		1.484e-02		-50.703		2.546e-03		9.318
7		0.00		5.60		1.456e-02		-51.362		2.654e-03		10.444
7		0.00		5.20		1.424e-02		-51.647		3.188e-03		12.711
7		0.00		4.80		1.358e-02		-53.024		3.520e-03		17.563
7		0.00		4.40		1.346e-02		-49.153		3.372e-03		11.556
7		0.00		4.00		1.396e-02		-51.683		2.880e-03		9.780
7		0.00		3.60		1.384e-02		-50.657		2.676e-03		10.410
7		0.00		3.20		1.383e-02		-49.974		2.823e-03		9.861
7		0.00		2.80		1.326e-02		-47.598		3.096e-03		12.233
7		0.00		2.40		1.321e-02		-51.556		3.276e-03		12.061
7		0.00		2.00		1.307e-02		-50.398		3.634e-03		12.330
7		0.00		1.60		1.308e-02		-48.587		2.913e-03		8.941
7		0.00		1.20		1.368e-02		-52.149		2.698e-03		11.074
7		0.00		0.80		1.353e-02		-51.168		2.862e-03		11.877
7		0.00		0.40		1.391e-02		-50.506		2.562e-03		11.646
7		0.00		0.00		1.322e-02		-47.588		3.029e-03		15.663
7		0.00		-0.40		1.314e-02		-45.412		3.084e-03		8.809
7		0.00		-0.80		1.279e-02		-49.319		2.611e-03		10.327
7		0.00		-1.20		1.306e-02		-52.433		2.394e-03		9.629
7		0.00		-1.60		1.273e-02		-49.394		2.109e-03		11.187
7		0.00		-2.00		1.260e-02		-50.097		2.610e-03		10.101
7		0.00		-2.40		1.146e-02		-45.311		2.617e-03		13.335
7		0.00		-2.80		1.129e-02		-45.597		2.695e-03		12.355
7		0.00		-3.20		1.118e-02		-48.601		2.276e-03		10.026
7		0.00		-3.60		1.133e-02		-47.553		2.109e-03		11.684
7		0.00		-4.00		1.043e-02		-50.538		1.841e-03		11.290
7		0.00		-4.40		9.919e-03		-43.882		1.953e-03		11.644
7		0.00		-4.80		9.297e-03		-46.506		2.438e-03		14.101
7		0.00		-5.20		8.592e-03		-52.853		2.308e-03		13.747
7		0.00		-5.60		8.165e-03		-49.678		1.838e-03		16.449
7		0.00		-6.00		7.485e-03		-45.595		1.659e-03		14.281
7		0.00		-6.40		6.326e-03		-45.125		1.369e-03		16.636
7		0.00		-6.80		4.977e-03		-52.628		1.454e-03		18.153
7		0.00		-7.20		4.315e-03		-45.157		1.248e-03		25.865
7		0.00		-7.60		3.301e-03		-51.003		1.202e-03		32.982
7		0.00		-8.00		2.163e-03		-29.561		8.869e-04		62.385
7		0.00		-8.40		2.090e-03		-42.753		8.643e-04		57.820
7		0.00		-8.80		1.832e-03		41.404		7.188e-04		62.612
7		0.00		-9.20		2.575e-03		88.480		1.084e-03		48.369
7		0.00		-9.60		3.842e-03		102.658		1.476e-03		51.308
7		0.00		-10.00		5.562e-03		122.636		1.726e-03		19.564
7		0.00		-9.60		7.449e-03		126.501		2.035e-03		13.104
7		0.00		-9.20		8.636e-03		123.985		1.977e-03		10.826
7		0.00		-8.80		8.574e-03		128.086		2.080e-03		11.564
7		0.00		-8.40		8.786e-03		120.620		1.982e-03		14.010
7		0.00		-8.00		8.201e-03		122.057		2.353e-03		21.912
7		0.00		-7.60		8.051e-03		118.911		2.470e-03		17.473
7		0.00		-7.20		8.386e-03		127.041		2.351e-03		11.078
7		0.00		-6.80		8.255e-03		123.390		2.205e-03		13.188
7		0.00		-6.40		8.297e-03		122.776		2.008e-03		13.884
7		0.00		-6.00		7.995e-03		120.630		2.121e-03		14.423
7		0.00		-5.60		7.777e-03		119.359		2.187e-03		19.488
7		0.00		-5.20		7.676e-03		121.308		2.378e-03		17.962
7		0.00		-4.80		7.914e-03		119.456		2.201e-03		13.926
7		0.00		-4.40		8.045e-03		124.694		2.107e-03		11.888
7		0.00		-4.00		7.780e-03		123.960		1.857e-03		14.833
7		0.00		-3.60		7.606e-03		126.844		1.768e-03		13.273
7		0.00		-3.20		7.704e-03		123.961		1.991e-03		18.428
7		0.00		-2.80		7.695e-03		122.166		1.996e-03		14.429
7		0.00		-2.40		7.429e-03		125.818		1.935e-03		15.678
7		0.00		-2.00		7.650e-03		125.136		1.649e-03		15.492
7		0.00		-1.60		7.819e-03		123.991		1.720e-03		12.879
7		0.00		-1.20		7.713e-03		121.868		1.717e-03		12.625
7		0.00		-0.80		7.409e-03		123.242		1.658e-03		17.914
7		0.00		-0.40		7.506e-03		124.600		2.063e-03		16.683
8		0.00		0.00		7.345e-03		123.919		2.030e-03		14.881
8		0.00		0.40		7.371e-03		128.791		1.659e-03		16.522
8		0.00		0.80		7.394e-03		121.743		1.687e-03		14.124
8		0.00		1.20		7.050e-03		121.320		1.628e-03		13.487
8		0.00		1.60		6.911e-03		125.480		1.768e-03		19.223
8		0.00		2.00		6.354e-03		117.611		1.717e-03		16.634
8		0.00		2.40		5.920e-03		122.048		1.712e-03		21.184
8		0.00		2.80		5.202e-03		127.040		1.580e-03		21.418
8		0.00		3.20		4.563e-03		122.495		1.395e-03		21.330
8		0.00		3.60		3.741e-03		118.689		1.168e-03		23.720
8		0.00		4.00		3.038e-03		98.748		1.195e-03		43.794
8		0.00		4.40		2.514e-03		71.701		1.097e-03		68.974
8		0.00		4.80		1.894e-03		31.605		7.835e-04		81.224
8		0.00		5.20		1.735e-03		-5.531		7.244e-04		75.165
8		0.00		5.60		1.937e-03		-29.884		7.653e-04		66.296
8		0.00		6.00		2.947e-03		-48.723		1.179e-03		31.886
8		0.00		6.40		2.866e-03		-44.054		1.060e-03		35.171
8		0.00		6.80		3.318e-03		-42.292		1.299e-03		37.399
8		0.00		7.20		4.796e-03		-56.809		1.388e-03		21.320
8		0.00		7.60		5.701e-03		-55.299		1.651e-03		19.499
8		0.00		8.00		6.083e-03		-54.893		1.615e-03		18.234
8		0.00		8.40		7.563e-03		-55.057		1.974e-03		14.109
8		0.00		8.80		8.187e-03		-54.173		1.749e-03		14.342
8		0.00		9.20		9.532e-03		-47.197		2.502e-03		14.848
8		0.00		9.60		1.058e-02		-51.493		2.519e-03		11.161
8		0.00		10.00		1.229e-02		-50.843		2.503e-03		9.976
8		0.00		9.60		1.341e-02		-53.493		2.453e-03		10.422
8		0.00		9.20		1.399e-02		-50.391		2.599e-03		10.578
8		0.00		8.80		1.393e-02		-51.163		3.078e-03		12.471
8		0.00		8.40		1.361e-02		-50.693		3.616e-03		10.961
8		0.00		8.00		1.384e-02		-49.613		3.510e-03		11.118
8		0.00		7.60		1.405e-02		-51.771		3.233e-03		10.631
8		0.00		7.20		1.379e-02		-51.010		2.800e-03		9.203
8		0.00		6.80		1.414e-02		-53.328		2.413e-03		9.571
8		0.00		6.40		1.408e-02		-48.995		2.743e-03		11.105
8		0.00		6.00		1.371e-02		-48.078		2.798e-03		11.384
8		0.00		5.60		1.335e-02		-48.390		2.983e-03		12.956
8		0.00		5.20		1.363e-02		-51.849		2.976e-03		11.058
8		0.00		4.80		1.353e-02		-51.035		2.511e-03		10.822
8		0.00		4.40		1.367e-02		-50.853		2.247e-03		10.996
8		0.00		4.00		1.347e-02		-51.537		2.191e-03		10.750
8		0.00		3.60		1.328e-02		-49.467		2.636e-03		11.441
8		0.00		3.20		1.330e-02		-47.208		2.706e-03		12.407
8		0.00		2.80		1.296e-02		-50.640		2.830e-03		11.375
8		0.00		2.40		1.238e-02		-48.386		2.922e-03		10.977
8		0.00		2.00		1.265e-02		-52.873		2.477e-03		11.323
8		0.00		1.60		1.259e-02		-51.558		2.336e-03		9.633
8		0.00		1.20		1.250e-02		-49.625		2.335e-03		13.001
8		0.00		0.80		1.242e-02		-46.959		2.444e-03		10.859
8		0.00		0.40		1.183e-02		-48.136		2.822e-03		14.648
8		0.00		0.00		1.255e-02		-47.857		2.857e-03		9.224
8		0.00		-0.40		1.284e-02		-48.693		2.603e-03		9.769
8		0.00		-0.80		1.248e-02		-52.012		2.244e-03		10.341
8		0.00		-1.20		1.246e-02		-49.750		2.091e-03		11.129
8		0.00		-1.60		1.284e-02		-47.759		2.273e-03		12.422
8		0.00		-2.00		1.186e-02		-51.260		2.512e-03		11.354
8		0.00		-2.40		1.153e-02		-47.168		2.745e-03		13.296
8		0.00		-2.80		1.062e-02		-47.096		2.233e-03		11.777
8		0.00		-3.20		1.080e-02		-53.912		1.957e-03		13.590
8		0.00		-3.60		1.088e-02		-48.644		1.815e-03		12.542
8		0.00		-4.00		1.047e-02		-42.749		1.914e-03		10.700
8		0.00		-4.40		9.659e-03		-49.098		1.928e-03		11.975
8		0.00		-4.80		9.349e-03		-50.550		1.991e-03		13.546
8		0.00		-5.20		9.023e-03		-48.985		1.744e-03		14.115
8		0.00		-5.60		7.525e-03		-48.600		1.378e-03		12.909
8		0.00		-6.00		7.575e-03		-47.693		1.543e-03		13.502
8		0.00		-6.40		6.396e-03		-40.755		1.354e-03		14.253
8		0.00		-6.80		5.627e-03		-48.317		1.468e-03		19.147
8		0.00		-7.20		4.192e-03		-49.350		1.186e-03		23.074
8		0.00		-7.60		3.112e-03		-42.537		1.234e-03		32.324
8		0.00		-8.00		2.209e-03		-31.019		8.974e-04		56.512
8		0.00		-8.40		1.981e-03		-21.900		7.484e-04		54.879
8		0.00		-8.80		1.980e-03		59.360		9.080e-04		66.625
8		0.00		-9.20		2.786e-03		87.890		1.209e-03		50.794
8		0.00		-9.60		4.140e-03		115.873		1.317e-03		33.484
8		0.00		-10.00		5.842e-03		116.301		1.824e-03		21.811
8		0.00		-9.60		6.678e-03		123.237		1.682e-03		12.976
8		0.00		-9.20		7.538e-03		120.245		1.940e-03		16.847
8		0.00		-8.80		8.302e-03		125.305		1.962e-03		14.584
8		0.00		-8.40		8.624e-03		120.560		1.757e-03		14.282
8		0.00		-8.00		8.393e-03		127.276		1.927e-03		13.443
8		0.00		-7.60		8.806e-03		121.431		2.290e-03		16.059
8		0.00		-7.20		8.685e-03		121.652		2.203e-03		19.268
8		0.00		-6.80		8.501e-03		118.811		1.966e-03		12.565
8		0.00		-6.40		8.329e-03		118.911		1.936e-03		13.769
8		0.00		-6.00		8.475e-03		123.933		1.710e-03		11.805
8		0.00		-5.60		8.126e-03		129.217		1.700e-03		13.450
8		0.00		-5.20		7.905e-03		123.051		1.824e-03		13.325
8		0.00		-4.80		7.696e-03		125.286		2.017e-03		15.285
8		0.00		-4.40		7.366e-03		119.998		1.917e-03		17.463
8		0.00		-4.00		7.668e-03		122.572		1.844e-03		13.334
8		0.00		-3.60		8.113e-03		120.550		1.599e-03		10.788
8		0.00		-3.20		7.722e-03		128.421		1.811e-03		13.307
8		0.00		-2.80		8.029e-03		120.447		1.681e-03		14.061
8		0.00		-2.40		7.921e-03		120.896		1.834e-03		16.225
8		0.00		-2.00		7.819e-03		123.099		1.929e-03		14.552
8		0.00		-1.60		7.448e-03		123.780		1.834e-03		13.579
8		0.00		-1.20		7.696e-03		121.935		1.921e-03		18.474
8		0.00		-0.80		7.806e-03		121.510		1.521e-03		10.460
8		0.00		-0.40		7.865e-03		118.559		1.692e-03		10.703
