# Date of analysis: 2023-11-20 16;16
# 
# Loop index	Read Volt (V)	Write Volt (V)	Amplitude (a.u)	Phase (deg)	Sigma Amp (a.u)	Sigma Pha (deg)	
1		0.00		0.00		1.206e-02		-55.731		3.080e-03		24.391
1		0.00		0.40		8.112e-03		-45.223		2.091e-03		15.035
1		0.00		0.80		3.196e-03		-43.819		1.279e-03		35.197
1		0.00		1.20		2.591e-03		91.587		1.075e-03		57.656
1		0.00		1.60		6.764e-03		126.377		1.810e-03		16.459
1		0.00		2.00		1.117e-02		125.906		2.453e-03		11.090
1		0.00		2.40		1.572e-02		128.839		3.593e-03		9.717
1		0.00		2.80		1.991e-02		128.891		4.599e-03		10.784
1		0.00		3.20		2.465e-02		129.199		6.002e-03		11.159
1		0.00		3.60		2.802e-02		131.011		6.868e-03		11.038
1		0.00		4.00		3.199e-02		128.644		8.090e-03		11.587
1		0.00		4.40		3.554e-02		127.786		9.699e-03		10.542
1		0.00		4.80		3.817e-02		129.821		1.042e-02		10.626
1		0.00		5.20		4.128e-02		130.194		1.153e-02		10.059
1		0.00		5.60		4.443e-02		129.977		1.216e-02		10.553
1		0.00		6.00		4.657e-02		130.727		1.276e-02		9.687
1		0.00		6.40		4.940e-02		129.674		1.424e-02		16.743
1		0.00		6.80		5.158e-02		131.735		1.513e-02		14.320
1		0.00		7.20		5.453e-02		130.015		1.663e-02		25.154
1		0.00		7.60		5.611e-02		130.236		1.663e-02		19.573
1		0.00		8.00		5.745e-02		130.076		1.770e-02		27.376
1		0.00		8.40		5.759e-02		132.725		1.608e-02		17.795
1		0.00		8.80		6.076e-02		130.317		1.782e-02		20.694
1		0.00		9.20		6.025e-02		125.116		2.007e-02		27.426
1		0.00		9.60		6.022e-02		125.274		2.038e-02		25.424
1		0.00		10.00		5.776e-02		128.991		2.000e-02		23.299
1		0.00		9.60		5.809e-02		129.091		1.942e-02		20.568
1		0.00		9.20		5.814e-02		126.607		1.912e-02		24.378
1		0.00		8.80		5.746e-02		131.640		1.772e-02		11.098
1		0.00		8.40		5.516e-02		130.189		1.644e-02		16.930
1		0.00		8.00		5.289e-02		131.445		1.509e-02		7.618
1		0.00		7.60		5.094e-02		130.953		1.402e-02		7.432
1		0.00		7.20		4.930e-02		130.611		1.314e-02		8.246
1		0.00		6.80		4.605e-02		131.553		1.163e-02		7.841
1		0.00		6.40		4.336e-02		131.407		9.839e-03		6.985
1		0.00		6.00		3.972e-02		130.592		8.583e-03		7.266
1		0.00		5.60		3.650e-02		131.900		7.343e-03		7.117
1		0.00		5.20		3.275e-02		130.757		6.562e-03		8.656
1		0.00		4.80		2.896e-02		130.324		5.972e-03		8.374
1		0.00		4.40		2.488e-02		130.187		4.839e-03		7.927
1		0.00		4.00		2.044e-02		131.830		4.270e-03		9.608
1		0.00		3.60		1.649e-02		132.694		3.375e-03		9.518
1		0.00		3.20		1.188e-02		133.037		2.499e-03		12.362
1		0.00		2.80		7.402e-03		132.201		1.872e-03		12.294
1		0.00		2.40		3.262e-03		103.033		1.310e-03		41.738
1		0.00		2.00		2.424e-03		-48.564		1.056e-03		42.065
1		0.00		1.60		7.060e-03		-54.523		2.147e-03		15.413
1		0.00		1.20		1.167e-02		-52.154		3.214e-03		10.561
1		0.00		0.80		1.609e-02		-50.777		4.045e-03		11.457
1		0.00		0.40		2.097e-02		-49.528		5.370e-03		12.815
1		0.00		0.00		2.530e-02		-50.393		6.573e-03		11.220
1		0.00		-0.40		3.017e-02		-49.813		7.908e-03		8.279
1		0.00		-0.80		3.424e-02		-51.595		9.412e-03		11.069
1		0.00		-1.20		3.841e-02		-52.258		1.008e-02		10.752
1		0.00		-1.60		4.313e-02		-52.733		1.134e-02		9.762
1		0.00		-2.00		4.738e-02		-52.196		1.221e-02		8.990
1		0.00		-2.40		5.145e-02		-53.702		1.336e-02		7.555
1		0.00		-2.80		5.532e-02		-53.708		1.420e-02		8.694
1		0.00		-3.20		5.724e-02		-53.003		1.367e-02		8.957
1		0.00		-3.60		6.050e-02		-51.825		1.311e-02		6.349
1		0.00		-4.00		6.165e-02		-53.240		1.527e-02		11.110
1		0.00		-4.40		6.448e-02		-51.053		1.620e-02		12.794
1		0.00		-4.80		6.315e-02		-48.154		1.541e-02		17.828
1		0.00		-5.20		6.101e-02		-43.935		1.623e-02		18.407
1		0.00		-5.60		5.954e-02		-39.358		1.621e-02		19.644
1		0.00		-6.00		6.176e-02		-47.837		2.109e-02		26.616
1		0.00		-6.40		6.430e-02		-43.011		2.289e-02		23.379
1		0.00		-6.80		6.439e-02		-45.832		2.382e-02		27.975
1		0.00		-7.20		5.965e-02		-38.668		2.202e-02		24.617
1		0.00		-7.60		6.155e-02		-39.111		2.389e-02		23.676
1		0.00		-8.00		6.114e-02		-37.948		2.138e-02		30.320
1		0.00		-8.40		6.128e-02		-47.503		1.965e-02		23.501
1		0.00		-8.80		6.003e-02		-42.758		2.078e-02		24.191
1		0.00		-9.20		6.092e-02		-39.257		1.890e-02		20.599
1		0.00		-9.60		6.146e-02		-43.346		1.782e-02		10.720
1		0.00		-10.00		5.417e-02		-42.198		1.345e-02		7.164
1		0.00		-9.60		5.909e-02		-44.391		1.576e-02		9.661
1		0.00		-9.20		6.104e-02		-42.846		1.693e-02		14.871
1		0.00		-8.80		6.216e-02		-40.743		1.658e-02		16.673
1		0.00		-8.40		6.413e-02		-42.098		1.801e-02		13.048
1		0.00		-8.00		6.324e-02		-42.954		1.841e-02		13.784
1		0.00		-7.60		6.135e-02		-45.008		1.851e-02		14.890
1		0.00		-7.20		6.159e-02		-47.070		1.859e-02		16.609
1		0.00		-6.80		5.849e-02		-45.193		1.740e-02		15.273
1		0.00		-6.40		5.498e-02		-47.963		1.652e-02		9.363
1		0.00		-6.00		5.348e-02		-50.777		1.538e-02		8.248
1		0.00		-5.60		5.037e-02		-50.182		1.290e-02		6.777
1		0.00		-5.20		4.650e-02		-49.788		1.091e-02		6.811
1		0.00		-4.80		4.206e-02		-50.982		9.396e-03		6.140
1		0.00		-4.40		3.831e-02		-52.403		8.665e-03		7.191
1		0.00		-4.00		3.391e-02		-52.731		8.506e-03		7.996
1		0.00		-3.60		3.027e-02		-52.058		7.557e-03		8.049
1		0.00		-3.20		2.659e-02		-50.481		6.711e-03		9.910
1		0.00		-2.80		2.186e-02		-51.929		5.878e-03		12.612
1		0.00		-2.40		1.846e-02		-50.534		4.543e-03		12.783
1		0.00		-2.00		1.414e-02		-45.555		3.393e-03		10.692
1		0.00		-1.60		9.790e-03		-43.293		2.551e-03		13.983
1		0.00		-1.20		5.734e-03		-38.656		1.629e-03		17.167
1		0.00		-0.80		2.221e-03		-20.420		1.008e-03		56.834
1		0.00		-0.40		3.802e-03		113.167		1.205e-03		33.015
2		0.00		0.00		7.879e-03		118.472		1.949e-03		11.556
2		0.00		0.40		1.204e-02		127.682		2.847e-03		10.737
2		0.00		0.80		1.587e-02		127.508		4.022e-03		14.172
2		0.00		1.20		1.980e-02		129.147		5.086e-03		12.448
2		0.00		1.60		2.371e-02		126.781		6.515e-03		17.385
2		0.00		2.00		2.733e-02		127.538		7.984e-03		14.084
2		0.00		2.40		3.104e-02		127.805		8.670e-03		8.767
2		0.00		2.80		3.419e-02		129.187		8.379e-03		7.107
2		0.00		3.20		3.735e-02		129.831		8.883e-03		6.785
2		0.00		3.60		3.955e-02		131.382		8.942e-03		5.496
2		0.00		4.00		4.183e-02		130.864		1.033e-02		8.264
2		0.00		4.40		4.415e-02		130.231		1.207e-02		9.714
2		0.00		4.80		4.572e-02		129.381		1.383e-02		11.939
2		0.00		5.20		4.873e-02		127.630		1.510e-02		16.767
2		0.00		5.60		5.263e-02		129.520		1.574e-02		15.428
2		0.00		6.00		5.388e-02		128.763		1.561e-02		16.583
2		0.00		6.40		5.572e-02		128.917		1.568e-02		20.117
2		0.00		6.80		5.861e-02		133.422		1.479e-02		6.034
2		0.00		7.20		5.829e-02		134.749		1.329e-02		14.582
2		0.00		7.60		6.438e-02		134.306		1.627e-02		11.227
2		0.00		8.00		6.037e-02		131.282		1.625e-02		25.241
2		0.00		8.40		6.310e-02		127.671		1.803e-02		35.741
2		0.00		8.80		6.474e-02		126.048		1.958e-02		38.011
2		0.00		9.20		6.493e-02		128.617		2.036e-02		20.437
2		0.00		9.60		6.107e-02		126.448		2.151e-02		44.414
2		0.00		10.00		6.056e-02		128.190		2.165e-02		24.417
2		0.00		9.60		6.031e-02		123.421		2.077e-02		29.509
2		0.00		9.20		5.998e-02		125.022		1.923e-02		38.052
2		0.00		8.80		5.971e-02		133.094		1.727e-02		10.153
2		0.00		8.40		5.837e-02		134.447		1.589e-02		9.881
2		0.00		8.00		5.544e-02		130.956		1.585e-02		14.281
2		0.00		7.60		5.301e-02		128.530		1.654e-02		15.784
2		0.00		7.20		5.116e-02		130.310		1.559e-02		12.644
2		0.00		6.80		4.854e-02		129.701		1.499e-02		12.760
2		0.00		6.40		4.558e-02		129.831		1.378e-02		15.046
2		0.00		6.00		4.314e-02		127.376		1.247e-02		15.280
2		0.00		5.60		4.020e-02		130.036		1.104e-02		10.013
2		0.00		5.20		3.681e-02		130.637		9.101e-03		8.831
2		0.00		4.80		3.302e-02		129.990		7.649e-03		8.200
2		0.00		4.40		2.925e-02		130.973		6.307e-03		7.609
2		0.00		4.00		2.509e-02		130.621		5.842e-03		8.720
2		0.00		3.60		2.092e-02		132.469		4.951e-03		10.277
2		0.00		3.20		1.668e-02		130.506		4.414e-03		14.329
2		0.00		2.80		1.242e-02		128.782		3.135e-03		22.219
2		0.00		2.40		8.251e-03		128.030		2.338e-03		24.287
2		0.00		2.00		4.294e-03		117.519		1.572e-03		24.923
2		0.00		1.60		1.690e-03		-25.668		7.379e-04		69.919
2		0.00		1.20		4.865e-03		-49.042		1.752e-03		20.730
2		0.00		0.80		9.081e-03		-48.770		2.475e-03		14.617
2		0.00		0.40		1.330e-02		-47.138		3.424e-03		14.264
2		0.00		0.00		1.701e-02		-53.470		4.883e-03		11.980
2		0.00		-0.40		2.137e-02		-54.159		6.468e-03		16.429
2		0.00		-0.80		2.572e-02		-52.633		7.629e-03		13.648
2		0.00		-1.20		2.984e-02		-51.933		8.781e-03		9.013
2		0.00		-1.60		3.419e-02		-52.951		8.979e-03		8.797
2		0.00		-2.00		3.857e-02		-52.259		8.807e-03		6.783
2		0.00		-2.40		4.201e-02		-52.050		9.362e-03		7.370
2		0.00		-2.80		4.532e-02		-53.334		1.109e-02		9.997
2		0.00		-3.20		4.945e-02		-53.767		1.315e-02		11.052
2		0.00		-3.60		5.150e-02		-52.497		1.467e-02		13.887
2		0.00		-4.00		5.587e-02		-54.039		1.561e-02		10.581
2		0.00		-4.40		5.777e-02		-52.436		1.552e-02		7.424
2		0.00		-4.80		6.010e-02		-49.903		1.443e-02		8.049
2		0.00		-5.20		6.315e-02		-48.862		1.400e-02		8.336
2		0.00		-5.60		6.616e-02		-50.798		1.887e-02		14.597
2		0.00		-6.00		6.584e-02		-43.359		1.989e-02		14.393
2		0.00		-6.40		6.258e-02		-46.934		2.126e-02		15.309
2		0.00		-6.80		6.242e-02		-42.577		2.104e-02		23.542
2		0.00		-7.20		6.518e-02		-46.477		2.074e-02		21.945
2		0.00		-7.60		6.483e-02		-44.861		1.908e-02		16.859
2		0.00		-8.00		6.378e-02		-41.586		1.626e-02		19.453
2		0.00		-8.40		6.328e-02		-42.865		1.812e-02		19.220
2		0.00		-8.80		6.363e-02		-39.345		1.961e-02		15.513
2		0.00		-9.20		5.912e-02		-40.631		2.071e-02		15.152
2		0.00		-9.60		5.648e-02		-43.152		2.056e-02		18.625
2		0.00		-10.00		5.183e-02		-45.142		1.758e-02		18.539
2		0.00		-9.60		5.545e-02		-37.533		1.744e-02		30.776
2		0.00		-9.20		5.865e-02		-41.815		1.645e-02		18.109
2		0.00		-8.80		6.119e-02		-41.586		1.625e-02		10.199
2		0.00		-8.40		6.343e-02		-45.793		1.499e-02		12.115
2		0.00		-8.00		6.244e-02		-46.233		1.578e-02		13.399
2		0.00		-7.60		6.190e-02		-50.401		1.683e-02		14.316
2		0.00		-7.20		5.913e-02		-46.349		1.656e-02		11.459
2		0.00		-6.80		5.766e-02		-47.884		1.693e-02		10.067
2		0.00		-6.40		5.410e-02		-46.943		1.546e-02		13.154
2		0.00		-6.00		5.144e-02		-49.359		1.427e-02		6.537
2		0.00		-5.60		4.848e-02		-50.103		1.253e-02		5.225
2		0.00		-5.20		4.435e-02		-49.281		1.096e-02		6.445
2		0.00		-4.80		3.986e-02		-50.636		9.602e-03		7.403
2		0.00		-4.40		3.548e-02		-51.522		9.275e-03		8.041
2		0.00		-4.00		3.189e-02		-52.873		8.653e-03		8.565
2		0.00		-3.60		2.763e-02		-51.675		7.689e-03		9.404
2		0.00		-3.20		2.377e-02		-51.373		6.852e-03		15.139
2		0.00		-2.80		1.973e-02		-51.110		5.746e-03		14.368
2		0.00		-2.40		1.648e-02		-49.140		4.332e-03		8.707
2		0.00		-2.00		1.226e-02		-47.193		3.274e-03		10.674
2		0.00		-1.60		7.962e-03		-43.866		1.891e-03		14.602
2		0.00		-1.20		4.285e-03		-52.045		1.391e-03		21.018
2		0.00		-0.80		1.734e-03		19.161		7.963e-04		79.900
2		0.00		-0.40		4.665e-03		114.826		1.636e-03		35.838
3		0.00		0.00		8.430e-03		128.238		2.408e-03		19.048
3		0.00		0.40		1.261e-02		129.101		3.430e-03		16.565
3		0.00		0.80		1.640e-02		127.013		4.380e-03		16.674
3		0.00		1.20		2.008e-02		129.875		5.122e-03		9.250
3		0.00		1.60		2.455e-02		129.201		5.558e-03		7.695
3		0.00		2.00		2.801e-02		130.372		5.791e-03		7.518
3		0.00		2.40		3.128e-02		129.551		6.373e-03		7.749
3		0.00		2.80		3.423e-02		130.023		7.870e-03		7.199
3		0.00		3.20		3.724e-02		130.209		9.818e-03		8.738
3		0.00		3.60		3.949e-02		128.519		1.124e-02		13.626
3		0.00		4.00		4.172e-02		127.069		1.279e-02		18.835
3		0.00		4.40		4.404e-02		129.752		1.334e-02		12.950
3		0.00		4.80		4.760e-02		131.237		1.274e-02		6.527
3		0.00		5.20		4.998e-02		132.803		1.228e-02		6.934
3		0.00		5.60		5.181e-02		131.792		1.306e-02		6.983
3		0.00		6.00		5.224e-02		129.749		1.497e-02		13.016
3		0.00		6.40		5.346e-02		129.009		1.738e-02		15.813
3		0.00		6.80		5.773e-02		131.117		1.815e-02		14.047
3		0.00		7.20		5.917e-02		131.156		1.756e-02		16.930
3		0.00		7.60		5.952e-02		130.235		1.654e-02		23.820
3		0.00		8.00		6.322e-02		135.582		1.688e-02		10.822
3		0.00		8.40		6.531e-02		132.195		1.733e-02		23.234
3		0.00		8.80		6.722e-02		129.441		1.873e-02		22.149
3		0.00		9.20		6.659e-02		122.906		2.114e-02		42.408
3		0.00		9.60		6.277e-02		130.056		2.096e-02		25.927
3		0.00		10.00		6.099e-02		129.523		2.018e-02		30.412
3		0.00		9.60		6.311e-02		128.009		1.971e-02		23.910
3		0.00		9.20		6.203e-02		133.465		1.812e-02		16.797
3		0.00		8.80		6.232e-02		131.767		1.857e-02		16.040
3		0.00		8.40		5.966e-02		128.763		1.844e-02		18.317
3		0.00		8.00		5.553e-02		128.863		1.840e-02		26.641
3		0.00		7.60		5.406e-02		129.294		1.860e-02		15.584
3		0.00		7.20		5.183e-02		126.884		1.719e-02		19.167
3		0.00		6.80		4.845e-02		128.147		1.513e-02		11.892
3		0.00		6.40		4.670e-02		130.771		1.283e-02		7.843
3		0.00		6.00		4.306e-02		132.199		1.054e-02		6.851
3		0.00		5.60		4.035e-02		131.580		1.081e-02		8.960
3		0.00		5.20		3.634e-02		129.894		1.080e-02		12.215
3		0.00		4.80		3.295e-02		126.897		9.611e-03		20.249
3		0.00		4.40		2.998e-02		129.007		8.000e-03		17.637
3		0.00		4.00		2.649e-02		130.528		6.252e-03		8.467
3		0.00		3.60		2.256e-02		131.744		4.805e-03		8.984
3		0.00		3.20		1.857e-02		129.856		4.059e-03		8.792
3		0.00		2.80		1.450e-02		130.583		2.914e-03		10.489
3		0.00		2.40		9.858e-03		128.455		2.264e-03		15.212
3		0.00		2.00		5.643e-03		129.521		1.509e-03		26.316
3		0.00		1.60		2.181e-03		70.173		1.028e-03		66.755
3		0.00		1.20		3.407e-03		-41.932		1.158e-03		30.927
3		0.00		0.80		7.668e-03		-44.723		2.107e-03		14.846
3		0.00		0.40		1.243e-02		-45.846		2.877e-03		12.852
3		0.00		0.00		1.630e-02		-46.779		3.472e-03		11.429
3		0.00		-0.40		2.073e-02		-49.673		4.876e-03		10.036
3		0.00		-0.80		2.416e-02		-51.041		6.460e-03		11.300
3		0.00		-1.20		2.852e-02		-51.983		7.643e-03		12.854
3		0.00		-1.60		3.291e-02		-52.021		9.226e-03		8.279
3		0.00		-2.00		3.731e-02		-52.514		9.139e-03		7.154
3		0.00		-2.40		4.193e-02		-52.463		9.247e-03		5.294
3		0.00		-2.80		4.531e-02		-52.690		1.012e-02		6.972
3		0.00		-3.20		4.845e-02		-53.319		1.183e-02		9.743
3		0.00		-3.60		5.018e-02		-52.943		1.429e-02		13.459
3		0.00		-4.00		5.483e-02		-52.911		1.519e-02		16.368
3		0.00		-4.40		5.803e-02		-52.948		1.611e-02		9.739
3		0.00		-4.80		6.216e-02		-51.101		1.429e-02		8.229
3		0.00		-5.20		6.496e-02		-51.432		1.530e-02		9.373
3		0.00		-5.60		6.446e-02		-49.235		1.650e-02		13.680
3		0.00		-6.00		6.390e-02		-48.016		1.767e-02		17.054
3		0.00		-6.40		6.424e-02		-43.976		1.830e-02		16.003
3		0.00		-6.80		6.364e-02		-46.041		1.806e-02		22.002
3		0.00		-7.20		6.488e-02		-44.287		1.844e-02		22.354
3		0.00		-7.60		6.567e-02		-43.266		1.699e-02		17.050
3		0.00		-8.00		6.967e-02		-43.959		1.899e-02		19.186
3		0.00		-8.40		6.546e-02		-41.007		1.893e-02		18.656
3		0.00		-8.80		6.288e-02		-35.662		2.028e-02		15.191
3		0.00		-9.20		5.894e-02		-41.225		2.196e-02		15.786
3		0.00		-9.60		5.635e-02		-40.362		2.023e-02		17.562
3		0.00		-10.00		4.847e-02		-40.392		1.620e-02		20.402
3		0.00		-9.60		5.396e-02		-44.175		1.764e-02		14.980
3		0.00		-9.20		5.859e-02		-43.123		1.700e-02		9.490
3		0.00		-8.80		6.121e-02		-44.783		1.747e-02		12.722
3		0.00		-8.40		6.134e-02		-45.335		1.822e-02		14.218
3		0.00		-8.00		6.236e-02		-49.111		1.892e-02		15.166
3		0.00		-7.60		6.207e-02		-46.189		1.965e-02		9.942
3		0.00		-7.20		5.864e-02		-48.596		1.634e-02		14.126
3		0.00		-6.80		5.677e-02		-48.788		1.461e-02		8.619
3		0.00		-6.40		5.592e-02		-48.670		1.280e-02		5.523
3		0.00		-6.00		5.255e-02		-47.554		1.019e-02		5.501
3		0.00		-5.60		4.814e-02		-47.991		9.908e-03		7.034
3		0.00		-5.20		4.428e-02		-50.689		9.991e-03		8.118
3		0.00		-4.80		3.985e-02		-50.377		9.968e-03		9.627
3		0.00		-4.40		3.606e-02		-51.798		9.113e-03		12.447
3		0.00		-4.00		3.181e-02		-51.213		8.058e-03		9.925
3		0.00		-3.60		2.824e-02		-50.897		6.708e-03		7.646
3		0.00		-3.20		2.415e-02		-50.768		4.979e-03		7.053
3		0.00		-2.80		2.035e-02		-49.396		4.121e-03		8.375
3		0.00		-2.40		1.604e-02		-47.031		3.564e-03		10.506
3		0.00		-2.00		1.207e-02		-44.918		3.274e-03		13.847
3		0.00		-1.60		7.737e-03		-44.102		2.147e-03		15.320
3		0.00		-1.20		3.951e-03		-39.988		1.437e-03		24.192
3		0.00		-0.80		1.786e-03		47.911		7.383e-04		59.907
3		0.00		-0.40		4.765e-03		114.686		1.492e-03		27.373
4		0.00		0.00		9.076e-03		125.732		2.091e-03		10.430
4		0.00		0.40		1.288e-02		129.621		2.932e-03		7.549
4		0.00		0.80		1.661e-02		127.036		3.999e-03		12.325
4		0.00		1.20		2.042e-02		128.205		5.121e-03		15.391
4		0.00		1.60		2.467e-02		130.321		6.189e-03		12.475
4		0.00		2.00		2.860e-02		129.079		6.406e-03		7.261
4		0.00		2.40		3.259e-02		129.995		6.587e-03		6.799
4		0.00		2.80		3.616e-02		130.981		6.754e-03		5.680
4		0.00		3.20		3.822e-02		130.744		8.415e-03		7.682
4		0.00		3.60		4.064e-02		130.757		1.015e-02		9.976
4		0.00		4.00		4.345e-02		128.036		1.176e-02		15.789
4		0.00		4.40		4.623e-02		128.766		1.275e-02		14.399
4		0.00		4.80		4.858e-02		129.356		1.350e-02		9.647
4		0.00		5.20		5.131e-02		130.782		1.377e-02		5.671
4		0.00		5.60		5.268e-02		132.207		1.373e-02		5.958
4		0.00		6.00		5.451e-02		132.886		1.324e-02		7.304
4		0.00		6.40		5.509e-02		128.876		1.645e-02		14.219
4		0.00		6.80		5.846e-02		126.466		1.928e-02		20.892
4		0.00		7.20		5.824e-02		123.220		2.026e-02		35.574
4		0.00		7.60		6.136e-02		128.515		2.046e-02		17.824
4		0.00		8.00		6.102e-02		129.654		1.934e-02		18.869
4		0.00		8.40		6.305e-02		127.237		2.024e-02		29.817
4		0.00		8.80		6.323e-02		132.258		1.846e-02		16.851
4		0.00		9.20		6.825e-02		135.887		1.832e-02		12.934
4		0.00		9.60		6.704e-02		130.231		1.778e-02		16.311
4		0.00		10.00		6.448e-02		135.317		1.747e-02		12.876
4		0.00		9.60		6.366e-02		130.681		1.820e-02		25.581
4		0.00		9.20		6.474e-02		130.858		1.919e-02		16.311
4		0.00		8.80		6.412e-02		130.977		1.917e-02		21.097
4		0.00		8.40		5.994e-02		131.394		1.761e-02		24.494
4		0.00		8.00		6.023e-02		127.829		1.816e-02		22.232
4		0.00		7.60		5.743e-02		128.430		1.667e-02		17.028
4		0.00		7.20		5.460e-02		129.297		1.558e-02		16.681
4		0.00		6.80		5.240e-02		131.316		1.395e-02		5.816
4		0.00		6.40		4.970e-02		130.919		1.209e-02		6.656
4		0.00		6.00		4.568e-02		131.375		1.052e-02		7.297
4		0.00		5.60		4.194e-02		131.870		9.416e-03		5.999
4		0.00		5.20		3.864e-02		132.169		8.574e-03		6.596
4		0.00		4.80		3.514e-02		131.632		8.181e-03		7.584
4		0.00		4.40		3.151e-02		131.390		7.710e-03		7.900
4		0.00		4.00		2.752e-02		129.541		7.003e-03		10.748
4		0.00		3.60		2.351e-02		130.011		6.237e-03		13.489
4		0.00		3.20		1.975e-02		132.388		5.194e-03		15.445
4		0.00		2.80		1.549e-02		127.386		3.796e-03		19.661
4		0.00		2.40		1.117e-02		129.931		2.813e-03		20.622
4		0.00		2.00		7.114e-03		123.920		2.002e-03		24.592
4		0.00		1.60		3.177e-03		99.720		1.105e-03		48.058
4		0.00		1.20		2.265e-03		-47.564		9.347e-04		41.936
4		0.00		0.80		6.146e-03		-49.117		1.771e-03		16.626
4		0.00		0.40		1.071e-02		-46.734		2.632e-03		12.237
4		0.00		0.00		1.524e-02		-51.117		3.083e-03		9.104
4		0.00		-0.40		1.958e-02		-51.128		4.088e-03		8.806
4		0.00		-0.80		2.337e-02		-49.722		4.851e-03		9.326
4		0.00		-1.20		2.765e-02		-52.463		5.741e-03		7.760
4		0.00		-1.60		3.093e-02		-51.889		6.992e-03		8.786
4		0.00		-2.00		3.459e-02		-51.513		8.195e-03		8.181
4		0.00		-2.40		3.803e-02		-52.577		9.971e-03		10.982
4		0.00		-2.80		4.173e-02		-52.905		1.127e-02		10.219
4		0.00		-3.20		4.477e-02		-54.221		1.289e-02		14.726
4		0.00		-3.60		4.831e-02		-53.453		1.442e-02		13.955
4		0.00		-4.00		5.137e-02		-55.322		1.609e-02		17.181
4		0.00		-4.40		5.398e-02		-52.712		1.686e-02		19.310
4		0.00		-4.80		5.728e-02		-50.758		1.716e-02		19.362
4		0.00		-5.20		5.962e-02		-48.966		1.703e-02		10.803
4		0.00		-5.60		6.348e-02		-49.198		1.607e-02		8.363
4		0.00		-6.00		6.269e-02		-46.807		1.635e-02		9.543
4		0.00		-6.40		6.637e-02		-46.168		1.593e-02		10.251
4		0.00		-6.80		6.678e-02		-44.263		1.671e-02		12.682
4		0.00		-7.20		6.660e-02		-41.715		1.499e-02		11.819
4		0.00		-7.60		7.055e-02		-40.532		1.784e-02		13.866
4		0.00		-8.00		6.802e-02		-40.029		1.613e-02		12.679
4		0.00		-8.40		6.674e-02		-41.345		1.803e-02		18.382
4		0.00		-8.80		6.449e-02		-40.960		1.961e-02		16.598
4		0.00		-9.20		6.287e-02		-41.818		2.093e-02		12.792
4		0.00		-9.60		5.732e-02		-44.900		1.930e-02		11.448
4		0.00		-10.00		5.127e-02		-46.618		1.685e-02		12.517
4		0.00		-9.60		5.331e-02		-43.984		1.800e-02		9.776
4		0.00		-9.20		5.890e-02		-43.151		2.092e-02		16.134
4		0.00		-8.80		5.904e-02		-48.143		1.905e-02		18.802
4		0.00		-8.40		6.183e-02		-43.882		2.050e-02		18.534
4		0.00		-8.00		6.018e-02		-47.204		1.832e-02		14.417
4		0.00		-7.60		5.908e-02		-49.339		1.792e-02		16.783
4		0.00		-7.20		5.804e-02		-48.961		1.737e-02		16.884
4		0.00		-6.80		5.737e-02		-46.581		1.592e-02		13.960
4		0.00		-6.40		5.398e-02		-48.836		1.484e-02		12.126
4		0.00		-6.00		5.156e-02		-49.783		1.391e-02		9.536
4		0.00		-5.60		4.788e-02		-49.562		1.238e-02		8.007
4		0.00		-5.20		4.443e-02		-49.660		1.100e-02		6.583
4		0.00		-4.80		4.058e-02		-51.774		9.504e-03		5.898
4		0.00		-4.40		3.657e-02		-51.626		8.210e-03		6.398
4		0.00		-4.00		3.188e-02		-50.276		6.905e-03		7.598
4		0.00		-3.60		2.825e-02		-51.289		6.065e-03		7.488
4		0.00		-3.20		2.396e-02		-49.163		5.144e-03		7.157
4		0.00		-2.80		1.987e-02		-49.746		4.139e-03		8.006
4		0.00		-2.40		1.581e-02		-46.663		3.343e-03		9.922
4		0.00		-2.00		1.176e-02		-48.417		2.583e-03		10.340
4		0.00		-1.60		7.882e-03		-45.681		1.792e-03		14.013
4		0.00		-1.20		3.839e-03		-41.363		1.327e-03		23.565
4		0.00		-0.80		2.001e-03		42.194		8.354e-04		66.766
4		0.00		-0.40		4.794e-03		120.008		1.501e-03		22.626
5		0.00		0.00		8.706e-03		126.647		2.070e-03		12.378
5		0.00		0.40		1.274e-02		127.521		2.733e-03		10.842
5		0.00		0.80		1.677e-02		128.047		3.286e-03		8.207
5		0.00		1.20		2.049e-02		130.336		4.093e-03		8.392
5		0.00		1.60		2.425e-02		129.858		4.698e-03		7.251
5		0.00		2.00		2.861e-02		130.323		5.619e-03		6.734
5		0.00		2.40		3.137e-02		131.232		6.400e-03		7.749
5		0.00		2.80		3.488e-02		131.507		7.662e-03		7.710
5		0.00		3.20		3.792e-02		130.107		8.469e-03		9.120
5		0.00		3.60		3.979e-02		130.974		9.433e-03		9.509
5		0.00		4.00		4.360e-02		130.653		1.080e-02		11.277
5		0.00		4.40		4.522e-02		130.671		1.151e-02		13.037
5		0.00		4.80		4.748e-02		130.717		1.336e-02		12.460
5		0.00		5.20		4.985e-02		130.321		1.410e-02		12.910
5		0.00		5.60		5.223e-02		131.232		1.537e-02		13.915
5		0.00		6.00		5.416e-02		130.099		1.660e-02		17.429
5		0.00		6.40		5.688e-02		129.701		1.753e-02		15.780
5		0.00		6.80		5.718e-02		129.111		1.812e-02		20.943
5		0.00		7.20		5.980e-02		129.189		1.858e-02		19.460
5		0.00		7.60		6.000e-02		132.147		1.823e-02		17.508
5		0.00		8.00		5.997e-02		131.224		1.828e-02		20.582
5		0.00		8.40		6.287e-02		129.122		1.952e-02		28.351
5		0.00		8.80		6.401e-02		128.669		1.858e-02		26.392
5		0.00		9.20		6.361e-02		128.976		1.913e-02		26.665
5		0.00		9.60		6.364e-02		127.991		1.868e-02		23.309
5		0.00		10.00		6.411e-02		130.086		1.979e-02		23.221
5		0.00		9.60		6.232e-02		123.292		1.986e-02		37.397
5		0.00		9.20		6.156e-02		127.996		1.771e-02		22.361
5		0.00		8.80		6.324e-02		134.553		1.761e-02		15.890
5		0.00		8.40		6.353e-02		132.040		1.658e-02		11.439
5		0.00		8.00		6.171e-02		134.212		1.546e-02		8.050
5		0.00		7.60		5.945e-02		132.462		1.483e-02		6.227
5		0.00		7.20		5.507e-02		132.932		1.374e-02		7.537
5		0.00		6.80		5.253e-02		132.157		1.296e-02		7.070
5		0.00		6.40		4.923e-02		132.429		1.178e-02		7.641
5		0.00		6.00		4.604e-02		132.521		1.064e-02		6.753
5		0.00		5.60		4.325e-02		132.964		9.661e-03		5.827
5		0.00		5.20		3.968e-02		132.160		8.402e-03		6.135
5		0.00		4.80		3.637e-02		132.499		7.938e-03		5.318
5		0.00		4.40		3.257e-02		132.522		7.183e-03		6.482
5		0.00		4.00		2.848e-02		131.994		6.734e-03		8.939
5		0.00		3.60		2.453e-02		133.197		5.715e-03		9.474
5		0.00		3.20		2.092e-02		131.577		4.484e-03		9.177
5		0.00		2.80		1.746e-02		132.876		3.659e-03		11.661
5		0.00		2.40		1.295e-02		131.069		2.937e-03		12.627
5		0.00		2.00		8.588e-03		133.035		2.046e-03		16.075
5		0.00		1.60		4.565e-03		123.824		1.496e-03		24.932
5		0.00		1.20		1.832e-03		18.835		7.626e-04		78.064
5		0.00		0.80		4.638e-03		-57.193		1.465e-03		19.705
5		0.00		0.40		8.877e-03		-48.339		2.295e-03		13.362
5		0.00		0.00		1.299e-02		-49.443		3.425e-03		16.891
5		0.00		-0.40		1.687e-02		-50.112		4.409e-03		12.852
5		0.00		-0.80		2.151e-02		-50.177		5.932e-03		14.366
5		0.00		-1.20		2.555e-02		-50.972		6.655e-03		11.733
5		0.00		-1.60		2.912e-02		-52.333		7.773e-03		10.337
5		0.00		-2.00		3.337e-02		-51.773		8.795e-03		7.837
5		0.00		-2.40		3.691e-02		-53.598		9.654e-03		8.393
5		0.00		-2.80		4.139e-02		-52.436		1.062e-02		7.631
5		0.00		-3.20		4.585e-02		-53.188		1.105e-02		5.935
5		0.00		-3.60		4.910e-02		-53.220		1.164e-02		7.013
5		0.00		-4.00		5.270e-02		-52.439		1.236e-02		6.217
5		0.00		-4.40		5.691e-02		-52.433		1.242e-02		8.232
5		0.00		-4.80		6.109e-02		-51.587		1.275e-02		5.617
5		0.00		-5.20		6.214e-02		-48.383		1.400e-02		9.697
5		0.00		-5.60		6.417e-02		-49.278		1.473e-02		10.516
5		0.00		-6.00		6.620e-02		-47.110		1.466e-02		12.133
5		0.00		-6.40		6.715e-02		-47.998		1.781e-02		16.871
5		0.00		-6.80		6.627e-02		-42.249		1.624e-02		12.674
5		0.00		-7.20		6.659e-02		-47.667		1.891e-02		20.995
5		0.00		-7.60		6.884e-02		-43.178		1.868e-02		15.648
5		0.00		-8.00		6.855e-02		-44.221		1.878e-02		16.181
5		0.00		-8.40		6.576e-02		-40.643		1.980e-02		15.275
5		0.00		-8.80		6.536e-02		-40.262		2.150e-02		15.696
5		0.00		-9.20		6.046e-02		-43.969		2.052e-02		15.004
5		0.00		-9.60		5.520e-02		-46.254		1.809e-02		11.326
5		0.00		-10.00		4.960e-02		-45.003		1.663e-02		11.142
5		0.00		-9.60		5.361e-02		-44.150		1.854e-02		8.985
5		0.00		-9.20		5.743e-02		-42.100		2.001e-02		12.144
5		0.00		-8.80		5.856e-02		-43.269		2.006e-02		18.474
5		0.00		-8.40		6.148e-02		-44.742		2.070e-02		15.725
5		0.00		-8.00		6.247e-02		-46.249		1.962e-02		17.305
5		0.00		-7.60		5.912e-02		-45.679		1.745e-02		10.002
5		0.00		-7.20		5.885e-02		-46.782		1.662e-02		12.471
5		0.00		-6.80		5.670e-02		-47.789		1.539e-02		12.338
5		0.00		-6.40		5.354e-02		-49.759		1.429e-02		15.384
5		0.00		-6.00		5.046e-02		-49.674		1.322e-02		12.836
5		0.00		-5.60		4.690e-02		-49.576		1.277e-02		12.872
5		0.00		-5.20		4.299e-02		-50.228		1.108e-02		9.165
5		0.00		-4.80		3.932e-02		-51.383		1.011e-02		9.922
5		0.00		-4.40		3.502e-02		-51.492		8.531e-03		8.278
5		0.00		-4.00		3.086e-02		-52.248		7.681e-03		8.507
5		0.00		-3.60		2.702e-02		-50.247		6.708e-03		7.967
5		0.00		-3.20		2.303e-02		-51.873		5.233e-03		6.937
5		0.00		-2.80		1.937e-02		-49.933		4.424e-03		8.186
5		0.00		-2.40		1.570e-02		-49.291		3.341e-03		9.098
5		0.00		-2.00		1.185e-02		-50.272		2.493e-03		11.986
5		0.00		-1.60		7.486e-03		-38.839		1.645e-03		14.364
5		0.00		-1.20		3.415e-03		-43.212		1.260e-03		31.302
5		0.00		-0.80		2.107e-03		47.388		8.332e-04		62.987
5		0.00		-0.40		5.313e-03		117.373		1.617e-03		28.575
6		0.00		0.00		9.153e-03		125.780		1.998e-03		11.870
6		0.00		0.40		1.317e-02		126.763		2.664e-03		10.227
6		0.00		0.80		1.710e-02		128.197		3.471e-03		8.027
6		0.00		1.20		2.150e-02		128.932		4.357e-03		7.493
6		0.00		1.60		2.531e-02		130.479		4.772e-03		6.542
6		0.00		2.00		2.893e-02		129.927		5.384e-03		7.873
6		0.00		2.40		3.249e-02		131.285		6.534e-03		6.682
6		0.00		2.80		3.542e-02		132.435		7.232e-03		7.243
6		0.00		3.20		3.861e-02		131.837		8.396e-03		6.682
6		0.00		3.60		4.104e-02		132.157		9.457e-03		6.922
6		0.00		4.00		4.305e-02		131.401		1.106e-02		7.780
6		0.00		4.40		4.511e-02		130.562		1.269e-02		10.199
6		0.00		4.80		4.748e-02		130.757		1.363e-02		9.072
6		0.00		5.20		4.862e-02		131.103		1.437e-02		11.339
6		0.00		5.60		5.126e-02		128.976		1.584e-02		14.146
6		0.00		6.00		5.293e-02		128.867		1.685e-02		15.757
6		0.00		6.40		5.499e-02		128.412		1.811e-02		19.215
6		0.00		6.80		5.732e-02		129.011		1.842e-02		19.437
6		0.00		7.20		5.934e-02		128.301		1.944e-02		20.462
6		0.00		7.60		6.158e-02		129.092		1.902e-02		16.869
6		0.00		8.00		6.085e-02		131.817		1.675e-02		14.692
6		0.00		8.40		6.366e-02		128.204		1.809e-02		23.366
6		0.00		8.80		6.460e-02		129.866		1.911e-02		27.613
6		0.00		9.20		6.694e-02		127.612		2.068e-02		26.648
6		0.00		9.60		6.564e-02		126.374		2.088e-02		35.873
6		0.00		10.00		6.276e-02		122.621		2.019e-02		40.348
6		0.00		9.60		6.546e-02		128.367		2.001e-02		22.075
6		0.00		9.20		6.398e-02		130.596		1.889e-02		22.337
6		0.00		8.80		6.318e-02		133.301		1.817e-02		16.698
6		0.00		8.40		6.231e-02		135.326		1.788e-02		7.901
6		0.00		8.00		5.849e-02		133.117		1.630e-02		10.110
6		0.00		7.60		5.773e-02		133.187		1.490e-02		7.892
6		0.00		7.20		5.543e-02		133.447		1.365e-02		5.703
6		0.00		6.80		5.216e-02		132.820		1.265e-02		6.998
6		0.00		6.40		4.972e-02		132.516		1.170e-02		7.025
6		0.00		6.00		4.574e-02		131.447		1.039e-02		7.755
6		0.00		5.60		4.322e-02		131.972		1.005e-02		8.347
6		0.00		5.20		3.971e-02		132.131		8.855e-03		6.705
6		0.00		4.80		3.628e-02		132.512		7.793e-03		6.645
6		0.00		4.40		3.295e-02		132.586		6.907e-03		7.207
6		0.00		4.00		2.894e-02		133.297		6.068e-03		7.399
6		0.00		3.60		2.565e-02		130.433		5.597e-03		9.369
6		0.00		3.20		2.145e-02		133.059		4.656e-03		8.674
6		0.00		2.80		1.735e-02		132.226		3.877e-03		11.404
6		0.00		2.40		1.358e-02		132.427		3.151e-03		12.331
6		0.00		2.00		9.369e-03		126.384		2.094e-03		13.345
6		0.00		1.60		5.148e-03		131.920		1.391e-03		18.540
6		0.00		1.20		1.758e-03		13.723		7.459e-04		79.865
6		0.00		0.80		3.964e-03		-46.686		1.322e-03		27.174
6		0.00		0.40		8.215e-03		-45.443		2.287e-03		14.022
6		0.00		0.00		1.174e-02		-48.766		3.361e-03		13.555
6		0.00		-0.40		1.610e-02		-48.803		4.421e-03		13.268
6		0.00		-0.80		2.025e-02		-49.954		5.584e-03		13.952
6		0.00		-1.20		2.407e-02		-51.018		6.877e-03		10.569
6		0.00		-1.60		2.824e-02		-52.097		7.845e-03		13.734
6		0.00		-2.00		3.162e-02		-51.669		8.819e-03		9.316
6		0.00		-2.40		3.583e-02		-52.275		1.008e-02		9.042
6		0.00		-2.80		4.059e-02		-53.781		1.130e-02		7.755
6		0.00		-3.20		4.440e-02		-54.204		1.185e-02		6.860
6		0.00		-3.60		4.826e-02		-53.329		1.208e-02		6.023
6		0.00		-4.00		5.247e-02		-54.444		1.233e-02		5.721
6		0.00		-4.40		5.560e-02		-53.188		1.262e-02		5.902
6		0.00		-4.80		5.852e-02		-51.673		1.303e-02		6.776
6		0.00		-5.20		6.127e-02		-50.623		1.350e-02		6.302
6		0.00		-5.60		6.455e-02		-48.813		1.398e-02		8.081
6		0.00		-6.00		6.479e-02		-47.447		1.373e-02		9.010
6		0.00		-6.40		6.639e-02		-46.688		1.469e-02		9.671
6		0.00		-6.80		6.659e-02		-44.713		1.477e-02		12.998
6		0.00		-7.20		6.786e-02		-41.081		1.708e-02		13.241
6		0.00		-7.60		6.723e-02		-47.351		1.858e-02		18.002
6		0.00		-8.00		6.800e-02		-40.402		2.057e-02		15.028
6		0.00		-8.40		6.729e-02		-47.349		2.206e-02		21.512
6		0.00		-8.80		6.207e-02		-42.523		1.837e-02		17.133
6		0.00		-9.20		5.989e-02		-39.614		2.072e-02		14.839
6		0.00		-9.60		5.540e-02		-44.829		1.944e-02		16.028
6		0.00		-10.00		5.015e-02		-40.528		1.694e-02		17.243
6		0.00		-9.60		5.554e-02		-47.272		1.911e-02		23.288
6		0.00		-9.20		5.848e-02		-39.791		1.924e-02		24.237
6		0.00		-8.80		6.245e-02		-44.598		1.803e-02		18.354
6		0.00		-8.40		6.082e-02		-44.739		1.726e-02		16.549
6		0.00		-8.00		6.172e-02		-44.113		1.716e-02		18.017
6		0.00		-7.60		6.160e-02		-46.463		1.590e-02		9.437
6		0.00		-7.20		5.946e-02		-46.310		1.492e-02		12.483
6		0.00		-6.80		5.890e-02		-48.484		1.448e-02		7.229
6		0.00		-6.40		5.611e-02		-47.960		1.322e-02		6.239
6		0.00		-6.00		5.265e-02		-48.915		1.176e-02		5.999
6		0.00		-5.60		4.877e-02		-49.029		9.835e-03		5.388
6		0.00		-5.20		4.504e-02		-49.247		8.995e-03		6.201
6		0.00		-4.80		3.996e-02		-50.543		8.048e-03		6.037
6		0.00		-4.40		3.599e-02		-51.463		7.194e-03		5.446
6		0.00		-4.00		3.170e-02		-51.558		6.322e-03		6.962
6		0.00		-3.60		2.754e-02		-51.813		5.524e-03		7.504
6		0.00		-3.20		2.315e-02		-51.681		4.687e-03		7.511
6		0.00		-2.80		1.950e-02		-48.651		4.012e-03		9.579
6		0.00		-2.40		1.560e-02		-48.343		3.261e-03		9.925
6		0.00		-2.00		1.151e-02		-45.058		2.251e-03		12.980
6		0.00		-1.60		7.940e-03		-39.555		1.889e-03		12.577
6		0.00		-1.20		3.768e-03		-36.395		1.411e-03		29.515
6		0.00		-0.80		1.749e-03		38.323		7.660e-04		68.515
6		0.00		-0.40		4.749e-03		118.384		1.433e-03		25.003
7		0.00		0.00		8.573e-03		126.054		2.252e-03		16.994
7		0.00		0.40		1.260e-02		127.534		2.955e-03		12.915
7		0.00		0.80		1.663e-02		128.979		3.663e-03		12.515
7		0.00		1.20		2.048e-02		127.187		4.847e-03		14.550
7		0.00		1.60		2.442e-02		128.861		5.692e-03		14.687
7		0.00		2.00		2.756e-02		128.267		6.652e-03		13.761
7		0.00		2.40		3.151e-02		129.760		7.739e-03		12.203
7		0.00		2.80		3.472e-02		129.207		8.804e-03		9.308
7		0.00		3.20		3.735e-02		130.359		9.698e-03		6.923
7		0.00		3.60		4.029e-02		130.444		1.022e-02		6.540
7		0.00		4.00		4.320e-02		130.710		1.020e-02		5.488
7		0.00		4.40		4.632e-02		130.878		1.058e-02		5.973
7		0.00		4.80		4.844e-02		132.464		1.119e-02		6.546
7		0.00		5.20		5.095e-02		133.391		1.129e-02		5.567
7		0.00		5.60		5.320e-02		132.572		1.163e-02		5.717
7		0.00		6.00		5.468e-02		131.422		1.317e-02		8.277
7		0.00		6.40		5.571e-02		132.397		1.374e-02		10.628
7		0.00		6.80		5.950e-02		131.387		1.542e-02		10.721
7		0.00		7.20		6.098e-02		129.067		1.744e-02		14.838
7		0.00		7.60		6.376e-02		131.907		1.812e-02		14.420
7		0.00		8.00		6.399e-02		126.906		1.922e-02		28.051
7		0.00		8.40		6.614e-02		128.266		2.043e-02		26.363
7		0.00		8.80		6.467e-02		127.146		2.031e-02		25.530
7		0.00		9.20		6.439e-02		124.642		1.941e-02		31.060
7		0.00		9.60		6.282e-02		127.827		1.923e-02		32.600
7		0.00		10.00		6.132e-02		128.840		1.982e-02		28.588
7		0.00		9.60		6.361e-02		128.574		1.993e-02		21.687
7		0.00		9.20		6.142e-02		124.664		1.956e-02		30.538
7		0.00		8.80		6.220e-02		132.222		1.870e-02		12.823
7		0.00		8.40		6.132e-02		130.816		1.854e-02		17.854
7		0.00		8.00		5.935e-02		132.455		1.692e-02		7.737
7		0.00		7.60		5.701e-02		133.078		1.499e-02		7.529
7		0.00		7.20		5.527e-02		132.562		1.392e-02		6.317
7		0.00		6.80		5.271e-02		132.446		1.304e-02		6.939
7		0.00		6.40		4.862e-02		132.111		1.161e-02		7.001
7		0.00		6.00		4.595e-02		131.710		1.051e-02		7.852
7		0.00		5.60		4.262e-02		131.782		9.881e-03		6.631
7		0.00		5.20		3.993e-02		133.144		8.739e-03		6.076
7		0.00		4.80		3.671e-02		132.390		7.777e-03		6.567
7		0.00		4.40		3.322e-02		132.717		7.048e-03		7.020
7		0.00		4.00		2.898e-02		130.914		6.457e-03		7.062
7		0.00		3.60		2.515e-02		132.478		5.644e-03		10.129
7		0.00		3.20		2.105e-02		134.687		4.706e-03		9.660
7		0.00		2.80		1.703e-02		131.411		3.933e-03		10.140
7		0.00		2.40		1.307e-02		129.401		2.943e-03		14.468
7		0.00		2.00		9.009e-03		130.344		2.483e-03		17.629
7		0.00		1.60		4.857e-03		119.759		1.425e-03		30.856
7		0.00		1.20		1.731e-03		33.735		7.539e-04		70.356
7		0.00		0.80		3.627e-03		-49.522		1.381e-03		33.986
7		0.00		0.40		7.629e-03		-48.080		2.155e-03		15.551
7		0.00		0.00		1.202e-02		-49.711		3.409e-03		11.397
7		0.00		-0.40		1.639e-02		-48.968		4.068e-03		8.452
7		0.00		-0.80		2.052e-02		-49.757		4.607e-03		8.784
7		0.00		-1.20		2.506e-02		-51.585		5.492e-03		7.176
7		0.00		-1.60		2.939e-02		-50.930		6.100e-03		6.941
7		0.00		-2.00		3.308e-02		-51.525		6.287e-03		6.027
7		0.00		-2.40		3.692e-02		-51.349		7.018e-03		5.611
7		0.00		-2.80		4.107e-02		-52.199		7.779e-03		7.572
7		0.00		-3.20		4.463e-02		-53.192		9.050e-03		6.969
7		0.00		-3.60		4.843e-02		-52.597		1.060e-02		7.909
7		0.00		-4.00		5.064e-02		-53.612		1.266e-02		11.601
7		0.00		-4.40		5.384e-02		-52.438		1.403e-02		12.310
7		0.00		-4.80		5.726e-02		-51.653		1.553e-02		14.369
7		0.00		-5.20		5.956e-02		-47.354		1.747e-02		22.178
7		0.00		-5.60		6.334e-02		-47.667		1.766e-02		14.426
7		0.00		-6.00		6.303e-02		-47.901		1.732e-02		12.351
7		0.00		-6.40		6.411e-02		-47.222		1.770e-02		11.797
7		0.00		-6.80		6.497e-02		-45.443		1.803e-02		10.393
7		0.00		-7.20		6.696e-02		-44.395		1.841e-02		13.150
7		0.00		-7.60		6.917e-02		-42.494		1.777e-02		11.378
7		0.00		-8.00		6.858e-02		-47.257		1.923e-02		18.041
7		0.00		-8.40		6.639e-02		-41.957		1.894e-02		16.238
7		0.00		-8.80		6.557e-02		-44.915		1.950e-02		14.867
7		0.00		-9.20		6.002e-02		-41.397		1.937e-02		13.879
7		0.00		-9.60		5.496e-02		-45.463		1.938e-02		10.478
7		0.00		-10.00		4.874e-02		-47.103		1.673e-02		17.117
7		0.00		-9.60		5.483e-02		-45.425		1.962e-02		22.637
7		0.00		-9.20		5.860e-02		-41.440		1.819e-02		20.785
7		0.00		-8.80		6.021e-02		-41.559		1.705e-02		22.572
7		0.00		-8.40		6.148e-02		-45.943		1.676e-02		11.075
7		0.00		-8.00		6.233e-02		-46.342		1.549e-02		7.310
7		0.00		-7.60		6.222e-02		-47.229		1.389e-02		6.185
7		0.00		-7.20		6.010e-02		-47.796		1.237e-02		5.649
7		0.00		-6.80		5.611e-02		-46.968		1.159e-02		7.066
7		0.00		-6.40		5.317e-02		-48.278		1.178e-02		8.754
7		0.00		-6.00		4.969e-02		-48.648		1.170e-02		8.550
7		0.00		-5.60		4.554e-02		-50.031		1.192e-02		9.908
7		0.00		-5.20		4.158e-02		-48.977		1.122e-02		10.193
7		0.00		-4.80		3.767e-02		-52.555		1.067e-02		13.021
7		0.00		-4.40		3.380e-02		-51.226		9.516e-03		10.582
7		0.00		-4.00		3.070e-02		-51.306		8.083e-03		6.699
7		0.00		-3.60		2.711e-02		-50.277		6.372e-03		6.896
7		0.00		-3.20		2.318e-02		-49.855		5.056e-03		8.194
7		0.00		-2.80		1.896e-02		-48.202		3.989e-03		7.857
7		0.00		-2.40		1.547e-02		-49.067		3.089e-03		9.893
7		0.00		-2.00		1.146e-02		-49.126		2.503e-03		9.914
7		0.00		-1.60		7.572e-03		-40.086		1.989e-03		15.774
7		0.00		-1.20		3.346e-03		-36.275		1.085e-03		28.893
7		0.00		-0.80		1.854e-03		41.567		7.150e-04		62.001
7		0.00		-0.40		5.028e-03		112.172		1.668e-03		29.941
8		0.00		0.00		8.609e-03		124.465		2.408e-03		16.389
8		0.00		0.40		1.246e-02		126.255		3.324e-03		11.070
8		0.00		0.80		1.665e-02		130.352		3.630e-03		8.889
8		0.00		1.20		2.065e-02		128.584		4.001e-03		6.851
8		0.00		1.60		2.451e-02		129.801		4.821e-03		7.013
8		0.00		2.00		2.824e-02		129.256		5.373e-03		5.633
8		0.00		2.40		3.090e-02		130.095		6.617e-03		7.742
8		0.00		2.80		3.436e-02		131.098		7.337e-03		6.593
8		0.00		3.20		3.691e-02		129.738		9.594e-03		9.546
8		0.00		3.60		3.910e-02		129.721		1.122e-02		14.755
8		0.00		4.00		4.107e-02		127.630		1.238e-02		20.362
8		0.00		4.40		4.395e-02		129.234		1.339e-02		17.225
8		0.00		4.80		4.657e-02		130.101		1.315e-02		10.150
8		0.00		5.20		4.937e-02		131.363		1.278e-02		5.781
8		0.00		5.60		5.172e-02		131.861		1.225e-02		6.700
8		0.00		6.00		5.312e-02		131.326		1.305e-02		8.154
8		0.00		6.40		5.629e-02		133.127		1.403e-02		7.733
8		0.00		6.80		5.677e-02		130.336		1.682e-02		12.206
8		0.00		7.20		5.921e-02		131.195		1.789e-02		16.122
8		0.00		7.60		6.167e-02		127.160		1.867e-02		32.153
8		0.00		8.00		6.289e-02		131.726		1.759e-02		18.113
8		0.00		8.40		6.212e-02		131.759		1.731e-02		19.639
8		0.00		8.80		6.638e-02		133.828		1.896e-02		12.452
8		0.00		9.20		6.632e-02		130.332		1.710e-02		16.035
8		0.00		9.60		6.854e-02		130.585		1.893e-02		18.384
8		0.00		10.00		6.587e-02		134.413		1.809e-02		15.715
8		0.00		9.60		6.488e-02		135.437		1.722e-02		14.313
8		0.00		9.20		6.440e-02		124.561		1.991e-02		37.166
8		0.00		8.80		6.282e-02		126.126		2.036e-02		30.820
8		0.00		8.40		6.130e-02		128.111		1.895e-02		18.372
8		0.00		8.00		5.954e-02		129.748		1.811e-02		15.753
8		0.00		7.60		5.850e-02		133.464		1.535e-02		5.838
8		0.00		7.20		5.540e-02		133.507		1.340e-02		6.151
8		0.00		6.80		5.279e-02		132.569		1.222e-02		7.147
8		0.00		6.40		4.938e-02		131.751		1.218e-02		8.550
8		0.00		6.00		4.634e-02		131.655		1.238e-02		8.795
8		0.00		5.60		4.252e-02		131.264		1.234e-02		13.151
8		0.00		5.20		3.963e-02		128.818		1.108e-02		17.454
8		0.00		4.80		3.645e-02		129.950		1.020e-02		13.037
8		0.00		4.40		3.375e-02		131.770		8.038e-03		6.853
8		0.00		4.00		3.056e-02		132.382		6.292e-03		7.634
8		0.00		3.60		2.612e-02		131.977		5.259e-03		8.108
8		0.00		3.20		2.249e-02		132.282		4.299e-03		7.401
8		0.00		2.80		1.813e-02		130.907		3.747e-03		8.900
8		0.00		2.40		1.388e-02		132.827		3.103e-03		13.365
8		0.00		2.00		9.647e-03		131.606		2.500e-03		16.931
8		0.00		1.60		5.347e-03		127.011		1.453e-03		30.434
8		0.00		1.20		1.724e-03		39.802		6.790e-04		85.589
8		0.00		0.80		3.704e-03		-64.301		1.324e-03		22.457
8		0.00		0.40		7.701e-03		-50.642		1.638e-03		14.622
8		0.00		0.00		1.207e-02		-52.250		2.458e-03		8.464
8		0.00		-0.40		1.609e-02		-47.637		3.395e-03		10.382
8		0.00		-0.80		1.966e-02		-51.649		5.139e-03		11.029
8		0.00		-1.20		2.364e-02		-51.835		6.658e-03		10.614
8		0.00		-1.60		2.775e-02		-51.890		7.696e-03		9.296
8		0.00		-2.00		3.212e-02		-52.297		8.146e-03		7.082
8		0.00		-2.40		3.589e-02		-51.285		7.743e-03		7.288
8		0.00		-2.80		3.981e-02		-51.600		7.892e-03		5.565
8		0.00		-3.20		4.304e-02		-51.836		9.368e-03		6.801
8		0.00		-3.60		4.645e-02		-52.472		1.116e-02		8.771
8		0.00		-4.00		4.969e-02		-52.503		1.258e-02		10.718
8		0.00		-4.40		5.441e-02		-53.080		1.412e-02		12.726
8		0.00		-4.80		5.758e-02		-51.683		1.386e-02		6.522
8		0.00		-5.20		6.178e-02		-51.517		1.369e-02		6.973
8		0.00		-5.60		6.222e-02		-49.135		1.371e-02		11.173
8		0.00		-6.00		6.440e-02		-48.705		1.572e-02		12.588
8		0.00		-6.40		6.640e-02		-44.060		1.770e-02		11.563
8		0.00		-6.80		6.413e-02		-43.502		1.889e-02		16.634
8		0.00		-7.20		6.364e-02		-48.459		1.751e-02		17.368
8		0.00		-7.60		6.684e-02		-42.273		1.824e-02		14.258
8		0.00		-8.00		6.989e-02		-41.697		1.661e-02		13.183
8		0.00		-8.40		6.884e-02		-44.163		1.754e-02		13.072
8		0.00		-8.80		6.489e-02		-40.392		1.890e-02		12.213
8		0.00		-9.20		6.153e-02		-46.720		2.121e-02		15.835
8		0.00		-9.60		5.693e-02		-42.481		1.960e-02		16.450
8		0.00		-10.00		5.119e-02		-42.822		1.634e-02		16.422
8		0.00		-9.60		5.705e-02		-44.272		1.728e-02		8.464
8		0.00		-9.20		6.050e-02		-42.305		1.665e-02		8.608
8		0.00		-8.80		6.245e-02		-43.743		1.655e-02		10.554
8		0.00		-8.40		6.346e-02		-47.360		1.891e-02		13.586
8		0.00		-8.00		6.259e-02		-47.555		1.955e-02		19.224
8		0.00		-7.60		6.175e-02		-48.207		1.733e-02		15.694
8		0.00		-7.20		5.917e-02		-44.787		1.551e-02		12.305
8		0.00		-6.80		5.961e-02		-47.346		1.313e-02		5.973
8		0.00		-6.40		5.603e-02		-48.473		1.046e-02		5.719
8		0.00		-6.00		5.270e-02		-48.539		1.082e-02		6.372
8		0.00		-5.60		4.850e-02		-47.766		1.092e-02		6.999
8		0.00		-5.20		4.370e-02		-48.696		1.119e-02		11.252
8		0.00		-4.80		4.029e-02		-51.135		1.036e-02		13.306
8		0.00		-4.40		3.676e-02		-51.529		8.468e-03		6.849
8		0.00		-4.00		3.262e-02		-50.286		6.313e-03		6.330
8		0.00		-3.60		2.855e-02		-50.504		5.630e-03		6.896
8		0.00		-3.20		2.404e-02		-50.010		5.480e-03		7.500
8		0.00		-2.80		2.018e-02		-50.658		5.277e-03		12.013
8		0.00		-2.40		1.631e-02		-48.323		4.541e-03		10.402
8		0.00		-2.00		1.247e-02		-44.621		3.262e-03		11.250
8		0.00		-1.60		8.561e-03		-43.658		2.118e-03		11.343
8		0.00		-1.20		4.741e-03		-40.915		1.381e-03		21.103
8		0.00		-0.80		1.711e-03		-5.580		7.664e-04		68.647
8		0.00		-0.40		3.954e-03		115.644		1.266e-03		26.570
