# Date of analysis: 2023-11-20 16;15
# 
# Loop index	Read Volt (V)	Write Volt (V)	Amplitude (a.u)	Phase (deg)	Sigma Amp (a.u)	Sigma Pha (deg)	
1		0.00		0.00		1.475e-02		-55.688		7.824e-03		31.876
1		0.00		0.40		4.530e-03		-44.975		2.389e-03		55.940
1		0.00		0.80		4.547e-03		65.854		1.706e-03		86.053
1		0.00		1.20		9.507e-03		121.465		3.497e-03		35.827
1		0.00		1.60		1.491e-02		130.964		4.852e-03		14.744
1		0.00		2.00		1.926e-02		129.730		5.161e-03		13.821
1		0.00		2.40		2.358e-02		129.835		6.199e-03		13.993
1		0.00		2.80		2.748e-02		127.001		7.254e-03		15.155
1		0.00		3.20		3.050e-02		125.786		9.001e-03		18.780
1		0.00		3.60		3.426e-02		125.900		1.041e-02		21.702
1		0.00		4.00		3.268e-02		124.426		1.050e-02		29.260
1		0.00		4.40		3.696e-02		124.172		1.181e-02		31.348
1		0.00		4.80		4.051e-02		129.589		1.286e-02		20.415
1		0.00		5.20		3.804e-02		130.760		1.003e-02		14.756
1		0.00		5.60		4.235e-02		128.680		1.016e-02		13.670
1		0.00		6.00		4.260e-02		127.441		1.061e-02		17.058
1		0.00		6.40		4.333e-02		125.801		1.198e-02		18.056
1		0.00		6.80		4.413e-02		125.214		1.289e-02		19.733
1		0.00		7.20		4.473e-02		125.260		1.408e-02		26.298
1		0.00		7.60		4.614e-02		122.070		1.540e-02		31.753
1		0.00		8.00		4.383e-02		124.135		1.395e-02		26.622
1		0.00		8.40		4.708e-02		127.209		1.444e-02		20.149
1		0.00		8.80		4.773e-02		129.436		1.349e-02		13.942
1		0.00		9.20		4.675e-02		130.423		1.366e-02		15.356
1		0.00		9.60		4.596e-02		129.810		1.382e-02		19.140
1		0.00		10.00		4.427e-02		129.807		1.387e-02		19.351
1		0.00		9.60		4.383e-02		125.520		1.489e-02		21.842
1		0.00		9.20		4.558e-02		124.944		1.621e-02		29.623
1		0.00		8.80		4.257e-02		124.811		1.452e-02		33.870
1		0.00		8.40		4.164e-02		125.637		1.525e-02		26.549
1		0.00		8.00		4.414e-02		129.607		1.536e-02		17.065
1		0.00		7.60		4.201e-02		132.047		1.235e-02		11.286
1		0.00		7.20		4.032e-02		131.762		1.071e-02		12.826
1		0.00		6.80		3.734e-02		132.530		9.221e-03		12.576
1		0.00		6.40		3.833e-02		132.547		8.988e-03		13.535
1		0.00		6.00		3.614e-02		133.139		8.565e-03		13.679
1		0.00		5.60		3.861e-02		131.421		9.391e-03		13.022
1		0.00		5.20		3.669e-02		132.061		9.266e-03		14.102
1		0.00		4.80		3.209e-02		131.499		8.756e-03		16.790
1		0.00		4.40		3.250e-02		130.030		8.466e-03		21.093
1		0.00		4.00		2.901e-02		129.615		7.982e-03		24.845
1		0.00		3.60		2.629e-02		128.466		7.244e-03		24.471
1		0.00		3.20		2.347e-02		131.097		6.608e-03		20.065
1		0.00		2.80		1.900e-02		131.999		5.738e-03		18.253
1		0.00		2.40		1.549e-02		130.639		4.786e-03		18.369
1		0.00		2.00		1.096e-02		131.518		3.741e-03		28.404
1		0.00		1.60		7.595e-03		112.471		3.185e-03		48.182
1		0.00		1.20		4.289e-03		47.270		1.911e-03		76.076
1		0.00		0.80		4.891e-03		-39.868		2.282e-03		45.362
1		0.00		0.40		8.572e-03		-52.837		3.008e-03		22.872
1		0.00		0.00		1.291e-02		-50.876		3.095e-03		19.904
1		0.00		-0.40		1.741e-02		-48.063		3.999e-03		18.493
1		0.00		-0.80		1.928e-02		-47.583		4.078e-03		16.694
1		0.00		-1.20		2.131e-02		-47.877		5.253e-03		17.510
1		0.00		-1.60		2.345e-02		-49.111		5.923e-03		17.679
1		0.00		-2.00		2.580e-02		-47.743		6.486e-03		17.269
1		0.00		-2.40		2.609e-02		-45.488		6.947e-03		17.305
1		0.00		-2.80		2.863e-02		-46.938		7.689e-03		17.904
1		0.00		-3.20		2.828e-02		-47.563		8.338e-03		18.058
1		0.00		-3.60		2.866e-02		-47.251		8.927e-03		18.448
1		0.00		-4.00		3.177e-02		-46.937		9.461e-03		21.981
1		0.00		-4.40		3.282e-02		-45.076		1.043e-02		20.004
1		0.00		-4.80		3.438e-02		-44.566		1.088e-02		19.449
1		0.00		-5.20		3.537e-02		-45.719		1.144e-02		13.656
1		0.00		-5.60		3.627e-02		-44.387		1.217e-02		12.750
1		0.00		-6.00		3.769e-02		-44.093		1.297e-02		11.944
1		0.00		-6.40		3.928e-02		-43.274		1.191e-02		11.741
1		0.00		-6.80		4.049e-02		-43.893		1.208e-02		12.960
1		0.00		-7.20		4.039e-02		-43.023		1.238e-02		13.582
1		0.00		-7.60		3.998e-02		-44.384		1.172e-02		14.854
1		0.00		-8.00		4.076e-02		-44.051		1.247e-02		15.358
1		0.00		-8.40		3.972e-02		-44.037		1.138e-02		16.681
1		0.00		-8.80		3.609e-02		-43.063		1.056e-02		18.263
1		0.00		-9.20		3.408e-02		-41.329		9.402e-03		16.837
1		0.00		-9.60		3.046e-02		-42.084		8.485e-03		16.786
1		0.00		-10.00		2.687e-02		-42.983		7.333e-03		17.087
1		0.00		-9.60		3.087e-02		-42.431		8.495e-03		16.458
1		0.00		-9.20		3.475e-02		-39.803		9.272e-03		15.816
1		0.00		-8.80		3.798e-02		-41.170		9.622e-03		15.379
1		0.00		-8.40		3.862e-02		-43.572		9.923e-03		15.611
1		0.00		-8.00		3.901e-02		-43.073		9.657e-03		13.838
1		0.00		-7.60		3.835e-02		-44.064		1.009e-02		14.118
1		0.00		-7.20		3.706e-02		-43.919		9.757e-03		15.572
1		0.00		-6.80		3.567e-02		-44.755		9.482e-03		15.680
1		0.00		-6.40		3.347e-02		-44.510		9.755e-03		16.622
1		0.00		-6.00		3.313e-02		-45.164		9.677e-03		17.722
1		0.00		-5.60		3.097e-02		-47.526		9.122e-03		20.903
1		0.00		-5.20		2.817e-02		-47.660		8.661e-03		22.753
1		0.00		-4.80		2.616e-02		-47.182		7.843e-03		20.162
1		0.00		-4.40		2.492e-02		-49.697		7.600e-03		22.304
1		0.00		-4.00		2.195e-02		-47.890		6.661e-03		19.915
1		0.00		-3.60		1.930e-02		-47.293		5.977e-03		23.280
1		0.00		-3.20		1.753e-02		-44.992		5.388e-03		25.820
1		0.00		-2.80		1.417e-02		-48.159		4.449e-03		21.974
1		0.00		-2.40		1.187e-02		-41.573		3.558e-03		18.463
1		0.00		-2.00		9.219e-03		-42.516		2.865e-03		25.883
1		0.00		-1.60		5.585e-03		-39.945		2.000e-03		34.612
1		0.00		-1.20		2.900e-03		-16.320		1.311e-03		69.718
1		0.00		-0.80		3.693e-03		76.655		1.607e-03		68.816
1		0.00		-0.40		7.154e-03		129.402		2.344e-03		26.878
2		0.00		0.00		1.172e-02		126.621		3.403e-03		15.004
2		0.00		0.40		1.577e-02		131.099		4.339e-03		12.173
2		0.00		0.80		2.094e-02		129.466		5.320e-03		11.764
2		0.00		1.20		2.557e-02		130.806		6.792e-03		10.307
2		0.00		1.60		2.943e-02		130.615		8.222e-03		10.192
2		0.00		2.00		3.319e-02		130.926		9.204e-03		8.489
2		0.00		2.40		3.647e-02		130.461		1.018e-02		8.074
2		0.00		2.80		3.876e-02		129.742		1.085e-02		8.666
2		0.00		3.20		4.126e-02		131.787		1.131e-02		8.542
2		0.00		3.60		4.228e-02		131.877		1.175e-02		9.397
2		0.00		4.00		4.380e-02		131.742		1.160e-02		8.463
2		0.00		4.40		4.481e-02		132.729		1.157e-02		9.296
2		0.00		4.80		4.528e-02		133.031		1.184e-02		9.585
2		0.00		5.20		4.441e-02		133.801		1.127e-02		9.162
2		0.00		5.60		4.589e-02		133.030		1.096e-02		9.607
2		0.00		6.00		4.698e-02		133.867		1.175e-02		9.921
2		0.00		6.40		4.992e-02		133.477		1.174e-02		10.012
2		0.00		6.80		5.375e-02		133.639		1.364e-02		9.635
2		0.00		7.20		5.360e-02		133.722		1.364e-02		10.980
2		0.00		7.60		5.352e-02		134.938		1.320e-02		10.185
2		0.00		8.00		5.445e-02		134.782		1.386e-02		9.804
2		0.00		8.40		5.543e-02		134.243		1.443e-02		11.510
2		0.00		8.80		5.652e-02		133.892		1.568e-02		11.845
2		0.00		9.20		5.668e-02		133.530		1.684e-02		11.378
2		0.00		9.60		5.540e-02		132.137		1.741e-02		12.682
2		0.00		10.00		5.298e-02		133.309		1.737e-02		10.043
2		0.00		9.60		5.125e-02		133.057		1.609e-02		10.528
2		0.00		9.20		5.241e-02		133.679		1.641e-02		10.703
2		0.00		8.80		4.941e-02		134.009		1.490e-02		9.706
2		0.00		8.40		4.782e-02		135.056		1.372e-02		9.338
2		0.00		8.00		4.835e-02		134.936		1.461e-02		8.244
2		0.00		7.60		4.782e-02		134.298		1.399e-02		8.913
2		0.00		7.20		4.708e-02		134.439		1.307e-02		9.218
2		0.00		6.80		4.501e-02		134.537		1.221e-02		9.096
2		0.00		6.40		4.585e-02		134.047		1.315e-02		9.419
2		0.00		6.00		3.888e-02		134.152		1.063e-02		10.074
2		0.00		5.60		3.940e-02		135.276		1.083e-02		9.860
2		0.00		5.20		4.092e-02		134.252		1.148e-02		10.554
2		0.00		4.80		3.778e-02		134.239		9.839e-03		10.192
2		0.00		4.40		3.560e-02		134.504		9.605e-03		10.002
2		0.00		4.00		3.652e-02		132.887		9.614e-03		9.831
2		0.00		3.60		3.236e-02		134.468		8.613e-03		10.295
2		0.00		3.20		2.901e-02		133.390		8.042e-03		9.433
2		0.00		2.80		2.547e-02		133.237		7.588e-03		10.974
2		0.00		2.40		2.120e-02		132.668		6.769e-03		12.718
2		0.00		2.00		1.628e-02		132.728		5.532e-03		18.196
2		0.00		1.60		1.172e-02		131.703		4.152e-03		29.390
2		0.00		1.20		8.421e-03		117.733		3.279e-03		44.898
2		0.00		0.80		4.861e-03		58.660		2.086e-03		83.406
2		0.00		0.40		4.494e-03		-11.974		2.173e-03		71.926
2		0.00		0.00		7.289e-03		-51.068		3.269e-03		33.115
2		0.00		-0.40		1.027e-02		-49.007		4.176e-03		29.349
2		0.00		-0.80		1.371e-02		-47.397		4.591e-03		22.254
2		0.00		-1.20		1.631e-02		-49.892		5.546e-03		23.803
2		0.00		-1.60		1.841e-02		-47.642		5.910e-03		18.885
2		0.00		-2.00		1.980e-02		-47.327		6.480e-03		22.708
2		0.00		-2.40		2.209e-02		-47.198		7.084e-03		17.743
2		0.00		-2.80		2.369e-02		-47.288		7.440e-03		18.769
2		0.00		-3.20		2.545e-02		-46.691		8.076e-03		20.201
2		0.00		-3.60		2.734e-02		-46.461		8.469e-03		19.576
2		0.00		-4.00		2.896e-02		-45.807		9.489e-03		18.531
2		0.00		-4.40		3.047e-02		-46.340		9.870e-03		21.246
2		0.00		-4.80		3.132e-02		-43.737		1.068e-02		20.172
2		0.00		-5.20		3.350e-02		-47.306		1.116e-02		15.321
2		0.00		-5.60		3.514e-02		-41.582		1.194e-02		24.600
2		0.00		-6.00		3.706e-02		-42.898		1.262e-02		21.026
2		0.00		-6.40		3.841e-02		-44.485		1.302e-02		17.697
2		0.00		-6.80		3.927e-02		-44.907		1.355e-02		17.036
2		0.00		-7.20		4.051e-02		-42.404		1.346e-02		20.414
2		0.00		-7.60		4.258e-02		-43.020		1.412e-02		19.545
2		0.00		-8.00		4.191e-02		-42.618		1.373e-02		14.519
2		0.00		-8.40		4.258e-02		-39.091		1.331e-02		19.848
2		0.00		-8.80		4.108e-02		-39.837		1.298e-02		20.812
2		0.00		-9.20		3.957e-02		-35.745		1.291e-02		21.911
2		0.00		-9.60		3.569e-02		-34.430		1.196e-02		22.908
2		0.00		-10.00		2.981e-02		-33.740		1.015e-02		23.385
2		0.00		-9.60		3.646e-02		-35.725		1.192e-02		21.443
2		0.00		-9.20		4.066e-02		-38.469		1.311e-02		20.249
2		0.00		-8.80		4.226e-02		-38.684		1.337e-02		21.165
2		0.00		-8.40		4.379e-02		-42.084		1.380e-02		18.997
2		0.00		-8.00		4.339e-02		-40.284		1.419e-02		21.893
2		0.00		-7.60		4.276e-02		-40.866		1.446e-02		20.573
2		0.00		-7.20		4.015e-02		-42.120		1.347e-02		23.740
2		0.00		-6.80		3.832e-02		-42.142		1.275e-02		27.128
2		0.00		-6.40		3.636e-02		-45.566		1.229e-02		23.864
2		0.00		-6.00		3.497e-02		-45.815		1.133e-02		25.528
2		0.00		-5.60		3.300e-02		-42.055		1.045e-02		17.239
2		0.00		-5.20		2.924e-02		-48.951		8.979e-03		21.250
2		0.00		-4.80		2.861e-02		-48.378		8.728e-03		20.834
2		0.00		-4.40		2.516e-02		-49.825		7.485e-03		20.311
2		0.00		-4.00		2.383e-02		-49.368		6.828e-03		16.870
2		0.00		-3.60		2.114e-02		-45.749		5.790e-03		19.994
2		0.00		-3.20		1.785e-02		-48.105		5.285e-03		20.572
2		0.00		-2.80		1.417e-02		-44.227		4.218e-03		16.645
2		0.00		-2.40		1.093e-02		-45.867		3.553e-03		20.141
2		0.00		-2.00		7.535e-03		-42.734		2.924e-03		28.038
2		0.00		-1.60		4.390e-03		-44.380		1.985e-03		41.832
2		0.00		-1.20		2.958e-03		32.760		1.381e-03		74.579
2		0.00		-0.80		5.281e-03		117.191		2.073e-03		44.487
2		0.00		-0.40		9.996e-03		127.829		3.346e-03		28.699
3		0.00		0.00		1.398e-02		126.005		4.140e-03		20.198
3		0.00		0.40		1.827e-02		128.906		5.211e-03		15.265
3		0.00		0.80		2.275e-02		129.715		6.520e-03		11.842
3		0.00		1.20		2.663e-02		131.273		7.657e-03		10.786
3		0.00		1.60		3.136e-02		130.902		8.804e-03		9.727
3		0.00		2.00		3.592e-02		130.085		1.010e-02		10.359
3		0.00		2.40		3.880e-02		130.500		1.110e-02		9.471
3		0.00		2.80		4.192e-02		131.792		1.187e-02		9.877
3		0.00		3.20		4.372e-02		131.472		1.204e-02		9.541
3		0.00		3.60		4.595e-02		132.739		1.262e-02		9.512
3		0.00		4.00		4.650e-02		132.644		1.213e-02		9.424
3		0.00		4.40		5.006e-02		132.532		1.333e-02		9.275
3		0.00		4.80		4.993e-02		133.246		1.300e-02		8.662
3		0.00		5.20		5.088e-02		132.832		1.380e-02		10.601
3		0.00		5.60		5.361e-02		133.680		1.434e-02		8.983
3		0.00		6.00		5.316e-02		133.509		1.438e-02		10.351
3		0.00		6.40		5.379e-02		133.949		1.498e-02		8.006
3		0.00		6.80		5.387e-02		134.325		1.525e-02		8.701
3		0.00		7.20		5.520e-02		132.333		1.600e-02		11.250
3		0.00		7.60		5.702e-02		132.296		1.823e-02		12.029
3		0.00		8.00		5.447e-02		133.633		1.729e-02		8.721
3		0.00		8.40		5.696e-02		133.772		1.855e-02		11.877
3		0.00		8.80		5.910e-02		133.085		2.010e-02		11.447
3		0.00		9.20		5.751e-02		133.162		1.921e-02		15.398
3		0.00		9.60		5.754e-02		132.882		1.891e-02		11.351
3		0.00		10.00		5.540e-02		133.581		1.836e-02		10.091
3		0.00		9.60		5.696e-02		131.895		1.855e-02		10.779
3		0.00		9.20		5.576e-02		132.754		1.650e-02		10.847
3		0.00		8.80		5.599e-02		133.724		1.549e-02		8.807
3		0.00		8.40		5.451e-02		135.060		1.421e-02		9.068
3		0.00		8.00		5.469e-02		134.741		1.342e-02		9.977
3		0.00		7.60		5.449e-02		134.749		1.316e-02		8.937
3		0.00		7.20		5.146e-02		134.292		1.210e-02		9.649
3		0.00		6.80		5.237e-02		133.437		1.067e-02		9.694
3		0.00		6.40		5.282e-02		133.971		1.106e-02		8.706
3		0.00		6.00		5.365e-02		133.789		1.132e-02		9.148
3		0.00		5.60		5.132e-02		133.440		1.048e-02		8.692
3		0.00		5.20		4.880e-02		133.922		1.038e-02		8.642
3		0.00		4.80		4.688e-02		133.562		1.056e-02		7.909
3		0.00		4.40		4.264e-02		134.157		9.546e-03		7.675
3		0.00		4.00		3.839e-02		132.781		8.604e-03		9.321
3		0.00		3.60		3.411e-02		134.845		7.818e-03		9.076
3		0.00		3.20		2.896e-02		133.419		6.696e-03		9.293
3		0.00		2.80		2.479e-02		136.248		6.100e-03		8.973
3		0.00		2.40		2.013e-02		134.662		5.372e-03		9.581
3		0.00		2.00		1.440e-02		136.080		4.250e-03		15.870
3		0.00		1.60		9.209e-03		131.613		3.220e-03		30.690
3		0.00		1.20		5.550e-03		76.992		2.333e-03		81.863
3		0.00		0.80		4.072e-03		-34.498		1.539e-03		69.720
3		0.00		0.40		6.845e-03		-60.450		2.623e-03		31.396
3		0.00		0.00		1.103e-02		-56.230		2.930e-03		17.616
3		0.00		-0.40		1.575e-02		-50.312		3.151e-03		17.574
3		0.00		-0.80		1.936e-02		-49.635		3.719e-03		15.221
3		0.00		-1.20		2.128e-02		-49.904		4.239e-03		16.011
3		0.00		-1.60		2.334e-02		-50.213		4.607e-03		14.075
3		0.00		-2.00		2.531e-02		-48.688		5.371e-03		13.895
3		0.00		-2.40		2.732e-02		-48.920		5.976e-03		13.752
3		0.00		-2.80		2.767e-02		-49.233		6.671e-03		14.343
3		0.00		-3.20		2.840e-02		-47.682		7.700e-03		14.019
3		0.00		-3.60		3.153e-02		-49.875		8.456e-03		13.557
3		0.00		-4.00		3.130e-02		-49.255		8.822e-03		14.781
3		0.00		-4.40		3.274e-02		-48.038		9.291e-03		14.430
3		0.00		-4.80		3.326e-02		-48.647		9.553e-03		16.183
3		0.00		-5.20		3.621e-02		-47.470		1.039e-02		16.725
3		0.00		-5.60		3.774e-02		-46.214		1.106e-02		15.919
3		0.00		-6.00		3.948e-02		-45.396		1.173e-02		17.989
3		0.00		-6.40		4.054e-02		-44.752		1.215e-02		18.761
3		0.00		-6.80		4.238e-02		-44.336		1.235e-02		20.270
3		0.00		-7.20		4.487e-02		-42.907		1.254e-02		17.518
3		0.00		-7.60		4.541e-02		-43.102		1.332e-02		21.364
3		0.00		-8.00		4.777e-02		-42.275		1.380e-02		20.200
3		0.00		-8.40		4.661e-02		-43.501		1.356e-02		22.837
3		0.00		-8.80		4.515e-02		-42.478		1.318e-02		23.386
3		0.00		-9.20		4.220e-02		-35.537		1.268e-02		26.686
3		0.00		-9.60		3.828e-02		-37.519		1.224e-02		27.930
3		0.00		-10.00		3.346e-02		-35.317		1.032e-02		29.339
3		0.00		-9.60		3.749e-02		-36.082		1.201e-02		26.063
3		0.00		-9.20		4.213e-02		-36.843		1.383e-02		25.102
3		0.00		-8.80		4.578e-02		-41.118		1.474e-02		20.783
3		0.00		-8.40		4.513e-02		-44.912		1.458e-02		15.591
3		0.00		-8.00		4.604e-02		-45.627		1.442e-02		12.777
3		0.00		-7.60		4.446e-02		-45.486		1.410e-02		12.288
3		0.00		-7.20		4.349e-02		-44.628		1.339e-02		11.143
3		0.00		-6.80		4.137e-02		-44.345		1.241e-02		11.418
3		0.00		-6.40		3.964e-02		-45.625		1.147e-02		9.562
3		0.00		-6.00		3.817e-02		-46.244		1.094e-02		11.583
3		0.00		-5.60		3.682e-02		-45.678		1.046e-02		11.316
3		0.00		-5.20		3.521e-02		-47.482		9.103e-03		9.427
3		0.00		-4.80		3.287e-02		-48.692		8.351e-03		10.422
3		0.00		-4.40		2.959e-02		-49.301		7.645e-03		11.045
3		0.00		-4.00		2.658e-02		-49.738		6.758e-03		11.087
3		0.00		-3.60		2.352e-02		-51.276		6.269e-03		12.395
3		0.00		-3.20		2.065e-02		-50.338		5.301e-03		12.097
3		0.00		-2.80		1.768e-02		-52.030		4.522e-03		11.314
3		0.00		-2.40		1.413e-02		-50.334		3.870e-03		14.921
3		0.00		-2.00		1.114e-02		-52.462		3.302e-03		17.288
3		0.00		-1.60		7.064e-03		-54.227		2.457e-03		21.968
3		0.00		-1.20		3.864e-03		-41.135		1.779e-03		48.171
3		0.00		-0.80		3.099e-03		38.648		1.397e-03		91.220
3		0.00		-0.40		5.875e-03		118.414		2.364e-03		40.879
4		0.00		0.00		1.039e-02		129.241		3.420e-03		23.005
4		0.00		0.40		1.479e-02		129.967		4.484e-03		13.686
4		0.00		0.80		1.977e-02		129.941		5.533e-03		13.176
4		0.00		1.20		2.414e-02		130.974		6.926e-03		11.232
4		0.00		1.60		2.781e-02		129.846		7.861e-03		12.227
4		0.00		2.00		3.274e-02		130.888		9.136e-03		9.435
4		0.00		2.40		3.747e-02		131.063		9.973e-03		9.097
4		0.00		2.80		4.176e-02		130.379		1.086e-02		10.423
4		0.00		3.20		4.534e-02		130.715		1.200e-02		10.227
4		0.00		3.60		4.889e-02		131.216		1.340e-02		9.019
4		0.00		4.00		5.116e-02		131.297		1.445e-02		10.835
4		0.00		4.40		5.293e-02		130.961		1.462e-02		12.616
4		0.00		4.80		5.517e-02		130.587		1.601e-02		15.841
4		0.00		5.20		5.650e-02		131.539		1.697e-02		15.116
4		0.00		5.60		5.792e-02		131.438		1.694e-02		24.772
4		0.00		6.00		5.736e-02		134.377		1.725e-02		11.334
4		0.00		6.40		5.734e-02		132.782		1.773e-02		18.406
4		0.00		6.80		5.836e-02		132.447		1.847e-02		20.342
4		0.00		7.20		5.832e-02		132.067		1.911e-02		17.364
4		0.00		7.60		5.892e-02		129.761		1.962e-02		24.385
4		0.00		8.00		6.046e-02		129.549		2.011e-02		23.455
4		0.00		8.40		6.271e-02		132.425		2.019e-02		22.982
4		0.00		8.80		6.223e-02		129.311		2.061e-02		24.539
4		0.00		9.20		6.170e-02		132.098		2.062e-02		23.407
4		0.00		9.60		6.155e-02		128.016		2.124e-02		26.902
4		0.00		10.00		6.087e-02		132.197		2.022e-02		21.695
4		0.00		9.60		6.125e-02		128.502		2.057e-02		27.507
4		0.00		9.20		6.227e-02		132.211		1.955e-02		19.061
4		0.00		8.80		5.959e-02		130.506		1.875e-02		24.543
4		0.00		8.40		5.883e-02		132.314		1.782e-02		26.632
4		0.00		8.00		5.788e-02		132.564		1.715e-02		21.717
4		0.00		7.60		5.821e-02		134.111		1.660e-02		19.414
4		0.00		7.20		5.774e-02		132.494		1.679e-02		19.772
4		0.00		6.80		5.603e-02		132.815		1.624e-02		20.560
4		0.00		6.40		5.537e-02		129.823		1.734e-02		25.848
4		0.00		6.00		5.282e-02		131.742		1.659e-02		23.011
4		0.00		5.60		5.029e-02		129.891		1.591e-02		23.499
4		0.00		5.20		4.556e-02		131.731		1.380e-02		21.006
4		0.00		4.80		4.367e-02		130.731		1.378e-02		23.032
4		0.00		4.40		4.169e-02		131.178		1.277e-02		18.425
4		0.00		4.00		3.941e-02		132.785		1.166e-02		17.168
4		0.00		3.60		3.697e-02		131.807		1.078e-02		16.003
4		0.00		3.20		3.255e-02		132.407		9.493e-03		15.449
4		0.00		2.80		2.795e-02		133.002		7.790e-03		12.635
4		0.00		2.40		2.317e-02		133.636		6.212e-03		11.822
4		0.00		2.00		1.782e-02		132.181		4.806e-03		10.881
4		0.00		1.60		1.231e-02		135.202		3.829e-03		15.214
4		0.00		1.20		6.941e-03		120.453		2.636e-03		45.623
4		0.00		0.80		3.809e-03		23.362		1.519e-03		85.920
4		0.00		0.40		4.766e-03		-60.844		1.982e-03		44.275
4		0.00		0.00		9.348e-03		-60.333		2.261e-03		20.469
4		0.00		-0.40		1.369e-02		-53.424		2.651e-03		16.658
4		0.00		-0.80		1.771e-02		-52.049		3.286e-03		15.254
4		0.00		-1.20		2.036e-02		-51.397		4.024e-03		14.851
4		0.00		-1.60		2.369e-02		-50.863		4.990e-03		12.944
4		0.00		-2.00		2.517e-02		-49.878		5.693e-03		12.372
4		0.00		-2.40		2.712e-02		-49.149		6.657e-03		12.102
4		0.00		-2.80		2.894e-02		-50.858		7.890e-03		11.927
4		0.00		-3.20		2.980e-02		-51.283		8.550e-03		13.169
4		0.00		-3.60		3.178e-02		-50.298		9.356e-03		12.069
4		0.00		-4.00		3.445e-02		-51.848		1.030e-02		13.114
4		0.00		-4.40		3.381e-02		-50.473		1.020e-02		15.030
4		0.00		-4.80		3.484e-02		-47.624		1.053e-02		16.866
4		0.00		-5.20		3.801e-02		-47.031		1.075e-02		15.272
4		0.00		-5.60		3.830e-02		-44.919		1.066e-02		14.749
4		0.00		-6.00		4.169e-02		-43.453		1.142e-02		15.779
4		0.00		-6.40		4.203e-02		-43.562		1.183e-02		14.506
4		0.00		-6.80		4.416e-02		-43.501		1.176e-02		13.104
4		0.00		-7.20		4.597e-02		-43.560		1.222e-02		13.285
4		0.00		-7.60		4.778e-02		-44.569		1.194e-02		13.542
4		0.00		-8.00		4.852e-02		-43.543		1.180e-02		14.027
4		0.00		-8.40		4.756e-02		-42.643		1.269e-02		13.092
4		0.00		-8.80		4.639e-02		-41.610		1.233e-02		12.490
4		0.00		-9.20		4.357e-02		-40.678		1.283e-02		12.777
4		0.00		-9.60		3.906e-02		-40.480		1.180e-02		12.392
4		0.00		-10.00		3.349e-02		-39.827		1.013e-02		12.530
4		0.00		-9.60		3.884e-02		-41.520		1.214e-02		11.592
4		0.00		-9.20		4.318e-02		-40.093		1.336e-02		10.114
4		0.00		-8.80		4.467e-02		-42.066		1.354e-02		10.489
4		0.00		-8.40		4.779e-02		-41.997		1.457e-02		19.427
4		0.00		-8.00		4.811e-02		-44.637		1.463e-02		22.024
4		0.00		-7.60		4.750e-02		-45.813		1.348e-02		19.835
4		0.00		-7.20		4.481e-02		-44.682		1.217e-02		16.735
4		0.00		-6.80		4.266e-02		-43.326		1.139e-02		14.836
4		0.00		-6.40		4.142e-02		-43.834		1.062e-02		11.800
4		0.00		-6.00		3.975e-02		-45.098		9.000e-03		10.851
4		0.00		-5.60		3.739e-02		-45.125		7.528e-03		11.793
4		0.00		-5.20		3.484e-02		-46.681		6.790e-03		12.057
4		0.00		-4.80		3.206e-02		-47.583		6.151e-03		12.798
4		0.00		-4.40		2.833e-02		-48.458		4.906e-03		11.668
4		0.00		-4.00		2.528e-02		-48.380		4.863e-03		12.224
4		0.00		-3.60		2.240e-02		-50.021		4.653e-03		11.751
4		0.00		-3.20		1.910e-02		-51.225		4.591e-03		11.797
4		0.00		-2.80		1.445e-02		-50.063		4.020e-03		13.789
4		0.00		-2.40		1.058e-02		-47.090		3.306e-03		15.764
4		0.00		-2.00		6.378e-03		-47.480		2.686e-03		21.866
4		0.00		-1.60		3.066e-03		-21.509		1.597e-03		63.464
4		0.00		-1.20		3.906e-03		75.724		1.751e-03		67.114
4		0.00		-0.80		7.404e-03		120.505		2.650e-03		29.885
4		0.00		-0.40		1.248e-02		128.356		3.673e-03		16.164
5		0.00		0.00		1.687e-02		128.464		4.033e-03		12.910
5		0.00		0.40		2.196e-02		130.356		4.371e-03		7.832
5		0.00		0.80		2.669e-02		130.316		5.075e-03		8.666
5		0.00		1.20		3.175e-02		131.140		6.009e-03		8.618
5		0.00		1.60		3.716e-02		129.394		6.415e-03		8.560
5		0.00		2.00		4.110e-02		131.213		7.647e-03		8.281
5		0.00		2.40		4.249e-02		130.439		7.616e-03		6.649
5		0.00		2.80		4.668e-02		132.047		9.218e-03		6.084
5		0.00		3.20		4.850e-02		131.666		1.072e-02		6.185
5		0.00		3.60		5.188e-02		131.882		1.350e-02		6.353
5		0.00		4.00		5.066e-02		132.432		1.459e-02		6.990
5		0.00		4.40		5.291e-02		132.188		1.591e-02		9.953
5		0.00		4.80		5.311e-02		131.302		1.588e-02		17.934
5		0.00		5.20		5.412e-02		130.796		1.566e-02		20.870
5		0.00		5.60		5.370e-02		131.259		1.621e-02		22.635
5		0.00		6.00		5.507e-02		133.153		1.612e-02		20.592
5		0.00		6.40		5.549e-02		134.825		1.718e-02		21.934
5		0.00		6.80		5.545e-02		131.156		1.732e-02		23.441
5		0.00		7.20		5.993e-02		133.539		1.670e-02		17.842
5		0.00		7.60		5.824e-02		135.448		1.410e-02		12.003
5		0.00		8.00		5.648e-02		134.088		1.473e-02		21.989
5		0.00		8.40		5.811e-02		136.427		1.497e-02		14.718
5		0.00		8.80		5.868e-02		132.257		1.535e-02		26.179
5		0.00		9.20		6.296e-02		128.862		1.661e-02		21.041
5		0.00		9.60		6.249e-02		133.738		1.723e-02		16.199
5		0.00		10.00		6.018e-02		135.830		1.645e-02		11.435
5		0.00		9.60		5.943e-02		134.724		1.683e-02		13.529
5		0.00		9.20		6.258e-02		134.837		1.923e-02		11.532
5		0.00		8.80		5.764e-02		132.152		1.832e-02		20.407
5		0.00		8.40		5.755e-02		133.222		1.858e-02		19.124
5		0.00		8.00		5.947e-02		133.573		1.850e-02		22.230
5		0.00		7.60		5.784e-02		129.236		1.909e-02		30.683
5		0.00		7.20		4.825e-02		133.699		1.522e-02		16.822
5		0.00		6.80		5.110e-02		133.537		1.571e-02		14.991
5		0.00		6.40		4.700e-02		135.823		1.291e-02		10.414
5		0.00		6.00		5.245e-02		133.125		1.457e-02		13.071
5		0.00		5.60		4.871e-02		133.824		1.198e-02		9.348
5		0.00		5.20		4.533e-02		134.447		9.631e-03		7.661
5		0.00		4.80		4.669e-02		134.233		9.496e-03		7.363
5		0.00		4.40		4.794e-02		134.186		1.001e-02		7.896
5		0.00		4.00		4.473e-02		134.649		8.850e-03		6.792
5		0.00		3.60		4.029e-02		133.939		8.554e-03		8.419
5		0.00		3.20		3.573e-02		135.089		8.150e-03		7.764
5		0.00		2.80		3.069e-02		133.867		7.105e-03		7.984
5		0.00		2.40		2.562e-02		134.622		6.381e-03		10.353
5		0.00		2.00		1.912e-02		136.145		5.694e-03		11.391
5		0.00		1.60		1.341e-02		134.352		4.395e-03		20.247
5		0.00		1.20		7.409e-03		107.370		2.818e-03		66.666
5		0.00		0.80		3.939e-03		15.921		1.783e-03		83.916
5		0.00		0.40		5.730e-03		-58.852		2.985e-03		40.261
5		0.00		0.00		9.363e-03		-56.317		3.828e-03		25.000
5		0.00		-0.40		1.340e-02		-53.230		4.376e-03		19.886
5		0.00		-0.80		1.729e-02		-50.662		4.769e-03		15.633
5		0.00		-1.20		2.019e-02		-49.253		5.197e-03		15.616
5		0.00		-1.60		2.280e-02		-49.504		5.250e-03		13.948
5		0.00		-2.00		2.457e-02		-48.768		5.625e-03		13.327
5		0.00		-2.40		2.705e-02		-48.326		5.804e-03		12.391
5		0.00		-2.80		2.937e-02		-47.771		6.113e-03		12.439
5		0.00		-3.20		3.246e-02		-48.623		6.478e-03		13.361
5		0.00		-3.60		3.413e-02		-49.943		6.743e-03		12.954
5		0.00		-4.00		3.563e-02		-50.406		7.450e-03		13.584
5		0.00		-4.40		3.849e-02		-50.098		8.263e-03		13.287
5		0.00		-4.80		4.016e-02		-48.013		8.745e-03		12.216
5		0.00		-5.20		4.179e-02		-47.082		9.470e-03		11.767
5		0.00		-5.60		4.303e-02		-45.518		1.005e-02		11.805
5		0.00		-6.00		4.376e-02		-44.613		1.026e-02		10.474
5		0.00		-6.40		4.481e-02		-44.908		1.067e-02		10.120
5		0.00		-6.80		4.581e-02		-44.212		1.185e-02		9.594
5		0.00		-7.20		4.674e-02		-43.455		1.288e-02		9.023
5		0.00		-7.60		4.837e-02		-44.202		1.382e-02		8.129
5		0.00		-8.00		4.697e-02		-42.421		1.434e-02		9.470
5		0.00		-8.40		4.642e-02		-42.899		1.448e-02		13.120
5		0.00		-8.80		4.500e-02		-40.121		1.460e-02		15.495
5		0.00		-9.20		4.331e-02		-36.671		1.378e-02		17.322
5		0.00		-9.60		4.044e-02		-36.764		1.244e-02		19.566
5		0.00		-10.00		3.443e-02		-37.297		1.069e-02		20.419
5		0.00		-9.60		3.960e-02		-42.501		1.199e-02		17.744
5		0.00		-9.20		4.522e-02		-41.694		1.340e-02		18.456
5		0.00		-8.80		4.707e-02		-40.240		1.357e-02		14.583
5		0.00		-8.40		4.812e-02		-42.361		1.333e-02		13.136
5		0.00		-8.00		4.889e-02		-43.001		1.343e-02		14.937
5		0.00		-7.60		4.810e-02		-43.368		1.151e-02		11.418
5		0.00		-7.20		4.652e-02		-43.763		1.076e-02		10.607
5		0.00		-6.80		4.567e-02		-44.038		1.065e-02		9.864
5		0.00		-6.40		4.204e-02		-44.651		9.770e-03		10.752
5		0.00		-6.00		4.039e-02		-46.317		9.345e-03		12.336
5		0.00		-5.60		3.789e-02		-45.818		8.503e-03		12.544
5		0.00		-5.20		3.625e-02		-47.635		7.577e-03		11.946
5		0.00		-4.80		3.514e-02		-48.128		7.177e-03		11.156
5		0.00		-4.40		3.056e-02		-48.785		6.299e-03		11.497
5		0.00		-4.00		2.696e-02		-49.271		5.599e-03		11.278
5		0.00		-3.60		2.361e-02		-47.219		4.911e-03		11.575
5		0.00		-3.20		2.005e-02		-50.420		4.068e-03		11.346
5		0.00		-2.80		1.694e-02		-49.498		3.732e-03		12.876
5		0.00		-2.40		1.285e-02		-49.773		3.202e-03		13.351
5		0.00		-2.00		8.839e-03		-45.764		2.866e-03		17.776
5		0.00		-1.60		5.188e-03		-57.840		2.399e-03		29.264
5		0.00		-1.20		2.925e-03		3.197		1.231e-03		79.053
5		0.00		-0.80		5.037e-03		104.907		2.163e-03		54.339
5		0.00		-0.40		9.186e-03		123.250		3.225e-03		27.674
6		0.00		0.00		1.344e-02		130.050		3.705e-03		14.642
6		0.00		0.40		1.829e-02		130.693		4.828e-03		15.922
6		0.00		0.80		2.271e-02		128.982		5.957e-03		13.655
6		0.00		1.20		2.691e-02		128.552		7.275e-03		15.203
6		0.00		1.60		3.190e-02		129.543		8.498e-03		13.322
6		0.00		2.00		3.648e-02		129.574		1.013e-02		12.657
6		0.00		2.40		4.187e-02		128.830		1.139e-02		12.660
6		0.00		2.80		4.613e-02		130.333		1.274e-02		12.088
6		0.00		3.20		4.859e-02		129.352		1.384e-02		13.104
6		0.00		3.60		5.195e-02		130.390		1.508e-02		13.647
6		0.00		4.00		5.524e-02		130.508		1.628e-02		14.256
6		0.00		4.40		5.611e-02		132.673		1.587e-02		14.353
6		0.00		4.80		5.856e-02		132.546		1.647e-02		15.528
6		0.00		5.20		6.015e-02		132.245		1.687e-02		17.533
6		0.00		5.60		5.916e-02		133.512		1.631e-02		17.911
6		0.00		6.00		5.865e-02		134.147		1.590e-02		15.483
6		0.00		6.40		6.125e-02		131.961		1.780e-02		23.905
6		0.00		6.80		6.098e-02		134.741		1.704e-02		20.163
6		0.00		7.20		6.391e-02		135.570		1.825e-02		24.518
6		0.00		7.60		6.315e-02		135.442		1.857e-02		14.722
6		0.00		8.00		6.439e-02		133.022		1.926e-02		19.212
6		0.00		8.40		6.274e-02		136.393		1.912e-02		16.338
6		0.00		8.80		6.307e-02		133.120		2.015e-02		20.810
6		0.00		9.20		6.523e-02		133.444		2.088e-02		18.935
6		0.00		9.60		5.923e-02		134.338		1.839e-02		16.005
6		0.00		10.00		5.802e-02		134.237		1.758e-02		14.404
6		0.00		9.60		5.955e-02		128.585		1.852e-02		33.702
6		0.00		9.20		5.785e-02		134.886		1.543e-02		15.300
6		0.00		8.80		5.996e-02		136.285		1.596e-02		12.627
6		0.00		8.40		5.733e-02		136.063		1.355e-02		11.702
6		0.00		8.00		6.045e-02		135.726		1.469e-02		13.278
6		0.00		7.60		5.772e-02		133.208		1.394e-02		15.183
6		0.00		7.20		5.902e-02		134.143		1.370e-02		13.845
6		0.00		6.80		5.719e-02		133.846		1.352e-02		17.931
6		0.00		6.40		5.662e-02		133.642		1.317e-02		12.850
6		0.00		6.00		5.584e-02		135.352		1.359e-02		14.105
6		0.00		5.60		5.390e-02		133.292		1.313e-02		13.823
6		0.00		5.20		5.265e-02		134.717		1.178e-02		11.346
6		0.00		4.80		5.124e-02		133.977		1.154e-02		10.064
6		0.00		4.40		4.735e-02		135.296		1.034e-02		7.621
6		0.00		4.00		4.230e-02		134.725		9.300e-03		8.415
6		0.00		3.60		3.869e-02		134.292		8.919e-03		8.438
6		0.00		3.20		3.272e-02		134.079		7.755e-03		11.149
6		0.00		2.80		2.674e-02		135.797		6.637e-03		9.853
6		0.00		2.40		2.115e-02		137.812		5.557e-03		12.573
6		0.00		2.00		1.531e-02		135.315		4.576e-03		19.634
6		0.00		1.60		9.881e-03		135.529		3.317e-03		28.992
6		0.00		1.20		5.617e-03		89.010		2.038e-03		80.731
6		0.00		0.80		3.931e-03		-30.438		1.768e-03		80.205
6		0.00		0.40		7.190e-03		-53.772		2.982e-03		33.509
6		0.00		0.00		1.290e-02		-53.246		4.100e-03		17.452
6		0.00		-0.40		1.807e-02		-51.994		4.796e-03		12.314
6		0.00		-0.80		2.057e-02		-52.430		4.874e-03		11.844
6		0.00		-1.20		2.266e-02		-51.807		4.741e-03		12.608
6		0.00		-1.60		2.551e-02		-52.975		4.896e-03		11.987
6		0.00		-2.00		2.825e-02		-52.128		5.082e-03		11.818
6		0.00		-2.40		3.009e-02		-51.701		5.740e-03		12.543
6		0.00		-2.80		3.294e-02		-50.988		6.068e-03		12.210
6		0.00		-3.20		3.340e-02		-49.612		6.753e-03		11.665
6		0.00		-3.60		3.433e-02		-49.838		7.557e-03		11.234
6		0.00		-4.00		3.548e-02		-49.293		8.824e-03		11.451
6		0.00		-4.40		3.611e-02		-47.991		1.034e-02		12.188
6		0.00		-4.80		3.876e-02		-50.578		1.161e-02		14.226
6		0.00		-5.20		3.936e-02		-49.182		1.218e-02		14.368
6		0.00		-5.60		4.231e-02		-47.584		1.342e-02		9.977
6		0.00		-6.00		4.415e-02		-46.227		1.311e-02		8.224
6		0.00		-6.40		4.662e-02		-45.125		1.277e-02		9.402
6		0.00		-6.80		4.722e-02		-45.502		1.213e-02		11.111
6		0.00		-7.20		4.837e-02		-45.980		1.189e-02		12.363
6		0.00		-7.60		4.833e-02		-47.208		1.212e-02		13.279
6		0.00		-8.00		4.887e-02		-43.537		1.250e-02		11.563
6		0.00		-8.40		4.869e-02		-42.972		1.358e-02		13.499
6		0.00		-8.80		4.737e-02		-41.877		1.387e-02		18.588
6		0.00		-9.20		4.543e-02		-38.053		1.360e-02		19.643
6		0.00		-9.60		4.125e-02		-39.625		1.276e-02		17.634
6		0.00		-10.00		3.517e-02		-40.083		9.937e-03		10.548
6		0.00		-9.60		4.095e-02		-41.626		1.097e-02		11.502
6		0.00		-9.20		4.439e-02		-40.763		1.101e-02		11.006
6		0.00		-8.80		4.600e-02		-40.144		1.110e-02		10.757
6		0.00		-8.40		4.759e-02		-41.505		1.203e-02		11.749
6		0.00		-8.00		4.864e-02		-43.239		1.371e-02		16.246
6		0.00		-7.60		4.777e-02		-45.681		1.403e-02		21.496
6		0.00		-7.20		4.567e-02		-43.306		1.368e-02		11.869
6		0.00		-6.80		4.424e-02		-44.777		1.082e-02		9.071
6		0.00		-6.40		4.335e-02		-44.996		8.956e-03		10.349
6		0.00		-6.00		4.136e-02		-45.808		7.911e-03		10.494
6		0.00		-5.60		3.703e-02		-46.467		7.349e-03		11.066
6		0.00		-5.20		3.478e-02		-45.008		7.696e-03		10.680
6		0.00		-4.80		3.234e-02		-46.804		8.383e-03		12.716
6		0.00		-4.40		2.824e-02		-49.368		7.865e-03		14.764
6		0.00		-4.00		2.388e-02		-49.643		6.591e-03		12.129
6		0.00		-3.60		2.183e-02		-49.983		5.289e-03		9.969
6		0.00		-3.20		1.919e-02		-47.438		3.944e-03		10.913
6		0.00		-2.80		1.470e-02		-49.708		2.965e-03		14.021
6		0.00		-2.40		1.112e-02		-49.431		2.534e-03		15.699
6		0.00		-2.00		6.801e-03		-55.271		2.144e-03		16.824
6		0.00		-1.60		2.799e-03		-22.570		1.423e-03		69.356
6		0.00		-1.20		3.851e-03		79.303		1.683e-03		66.216
6		0.00		-0.80		7.894e-03		122.026		2.476e-03		34.781
6		0.00		-0.40		1.224e-02		128.191		3.242e-03		15.230
7		0.00		0.00		1.670e-02		132.288		3.814e-03		8.638
7		0.00		0.40		2.171e-02		130.363		4.401e-03		7.833
7		0.00		0.80		2.615e-02		131.456		5.079e-03		8.572
7		0.00		1.20		3.046e-02		129.882		6.390e-03		9.825
7		0.00		1.60		3.466e-02		130.785		8.289e-03		12.485
7		0.00		2.00		3.906e-02		130.765		1.008e-02		16.452
7		0.00		2.40		4.348e-02		128.354		1.193e-02		17.417
7		0.00		2.80		4.736e-02		132.212		1.262e-02		8.281
7		0.00		3.20		5.136e-02		131.418		1.181e-02		7.149
7		0.00		3.60		5.297e-02		132.362		1.056e-02		7.786
7		0.00		4.00		5.332e-02		130.700		1.171e-02		11.481
7		0.00		4.40		5.417e-02		132.881		1.278e-02		12.947
7		0.00		4.80		5.754e-02		133.700		1.404e-02		12.502
7		0.00		5.20		5.801e-02		133.868		1.543e-02		16.781
7		0.00		5.60		5.957e-02		132.952		1.544e-02		16.414
7		0.00		6.00		6.219e-02		133.057		1.718e-02		21.613
7		0.00		6.40		6.241e-02		136.504		1.668e-02		10.977
7		0.00		6.80		6.184e-02		136.428		1.411e-02		8.807
7		0.00		7.20		6.426e-02		134.177		1.556e-02		12.646
7		0.00		7.60		6.343e-02		130.294		1.514e-02		32.613
7		0.00		8.00		6.373e-02		138.271		1.592e-02		14.916
7		0.00		8.40		6.496e-02		134.457		1.942e-02		22.407
7		0.00		8.80		6.394e-02		127.505		1.957e-02		36.674
7		0.00		9.20		6.508e-02		131.193		2.107e-02		25.711
7		0.00		9.60		6.382e-02		126.413		2.106e-02		37.066
7		0.00		10.00		6.278e-02		136.819		2.038e-02		11.462
7		0.00		9.60		6.172e-02		131.417		1.786e-02		19.761
7		0.00		9.20		6.358e-02		128.761		1.777e-02		27.871
7		0.00		8.80		5.910e-02		126.154		1.624e-02		26.090
7		0.00		8.40		6.003e-02		129.742		1.642e-02		37.006
7		0.00		8.00		5.851e-02		131.407		1.819e-02		20.901
7		0.00		7.60		5.882e-02		131.507		1.787e-02		24.996
7		0.00		7.20		5.913e-02		133.669		1.772e-02		23.663
7		0.00		6.80		6.060e-02		133.426		1.689e-02		20.489
7		0.00		6.40		6.035e-02		136.216		1.598e-02		11.254
7		0.00		6.00		6.072e-02		135.024		1.508e-02		9.603
7		0.00		5.60		5.760e-02		134.111		1.263e-02		9.589
7		0.00		5.20		5.487e-02		133.982		1.120e-02		8.727
7		0.00		4.80		5.353e-02		134.156		1.026e-02		8.213
7		0.00		4.40		4.969e-02		134.606		1.019e-02		7.701
7		0.00		4.00		4.427e-02		134.335		9.690e-03		9.107
7		0.00		3.60		3.974e-02		133.097		9.250e-03		13.348
7		0.00		3.20		3.493e-02		133.332		8.390e-03		16.731
7		0.00		2.80		2.927e-02		133.426		7.995e-03		18.813
7		0.00		2.40		2.255e-02		135.886		6.195e-03		10.099
7		0.00		2.00		1.585e-02		139.949		4.649e-03		11.402
7		0.00		1.60		1.011e-02		131.794		3.446e-03		37.708
7		0.00		1.20		4.778e-03		40.005		2.056e-03		101.048
7		0.00		0.80		4.407e-03		-76.877		1.821e-03		38.617
7		0.00		0.40		9.176e-03		-61.727		2.307e-03		16.835
7		0.00		0.00		1.347e-02		-54.022		2.996e-03		15.843
7		0.00		-0.40		1.696e-02		-51.789		4.451e-03		16.866
7		0.00		-0.80		1.958e-02		-50.242		5.411e-03		17.073
7		0.00		-1.20		2.310e-02		-50.769		6.471e-03		14.398
7		0.00		-1.60		2.645e-02		-52.346		6.857e-03		10.904
7		0.00		-2.00		2.897e-02		-51.433		6.567e-03		10.436
7		0.00		-2.40		3.225e-02		-51.797		6.300e-03		10.503
7		0.00		-2.80		3.370e-02		-51.371		6.156e-03		10.792
7		0.00		-3.20		3.426e-02		-51.369		6.269e-03		11.791
7		0.00		-3.60		3.626e-02		-49.952		6.667e-03		11.238
7		0.00		-4.00		3.685e-02		-48.551		7.977e-03		10.768
7		0.00		-4.40		3.754e-02		-47.747		9.602e-03		11.591
7		0.00		-4.80		4.008e-02		-46.679		1.032e-02		11.371
7		0.00		-5.20		4.131e-02		-47.583		1.152e-02		13.345
7		0.00		-5.60		4.245e-02		-47.247		1.319e-02		9.887
7		0.00		-6.00		4.526e-02		-45.239		1.239e-02		7.495
7		0.00		-6.40		4.699e-02		-44.553		1.211e-02		7.909
7		0.00		-6.80		4.816e-02		-45.087		1.137e-02		10.070
7		0.00		-7.20		4.946e-02		-45.547		1.212e-02		11.464
7		0.00		-7.60		4.908e-02		-45.763		1.186e-02		12.349
7		0.00		-8.00		4.965e-02		-44.523		1.337e-02		12.261
7		0.00		-8.40		4.753e-02		-41.999		1.360e-02		13.112
7		0.00		-8.80		4.649e-02		-41.997		1.405e-02		16.432
7		0.00		-9.20		4.502e-02		-41.418		1.394e-02		18.167
7		0.00		-9.60		4.138e-02		-39.752		1.290e-02		20.113
7		0.00		-10.00		3.626e-02		-38.736		1.070e-02		14.663
7		0.00		-9.60		4.158e-02		-40.656		1.174e-02		8.349
7		0.00		-9.20		4.689e-02		-40.624		1.248e-02		9.839
7		0.00		-8.80		4.888e-02		-41.421		1.201e-02		10.876
7		0.00		-8.40		4.945e-02		-42.918		1.123e-02		11.625
7		0.00		-8.00		5.067e-02		-43.008		1.191e-02		11.847
7		0.00		-7.60		4.969e-02		-44.340		1.259e-02		13.344
7		0.00		-7.20		4.666e-02		-44.438		1.248e-02		16.387
7		0.00		-6.80		4.602e-02		-46.904		1.267e-02		18.779
7		0.00		-6.40		4.446e-02		-47.049		1.285e-02		15.692
7		0.00		-6.00		4.269e-02		-46.575		1.184e-02		9.950
7		0.00		-5.60		4.031e-02		-47.565		9.647e-03		8.944
7		0.00		-5.20		3.749e-02		-47.188		7.748e-03		10.529
7		0.00		-4.80		3.437e-02		-49.202		6.720e-03		10.189
7		0.00		-4.40		3.067e-02		-49.970		5.797e-03		12.125
7		0.00		-4.00		2.714e-02		-48.768		5.274e-03		10.963
7		0.00		-3.60		2.393e-02		-48.024		5.020e-03		12.425
7		0.00		-3.20		2.017e-02		-49.043		5.164e-03		13.383
7		0.00		-2.80		1.615e-02		-49.010		4.438e-03		15.331
7		0.00		-2.40		1.269e-02		-50.978		3.910e-03		13.493
7		0.00		-2.00		9.080e-03		-47.437		3.000e-03		17.729
7		0.00		-1.60		5.794e-03		-57.036		2.299e-03		24.468
7		0.00		-1.20		2.749e-03		-15.587		1.330e-03		78.661
7		0.00		-0.80		4.527e-03		113.430		1.852e-03		49.863
7		0.00		-0.40		9.172e-03		128.769		2.535e-03		22.107
8		0.00		0.00		1.434e-02		130.895		3.033e-03		10.946
8		0.00		0.40		1.875e-02		129.599		3.989e-03		11.463
8		0.00		0.80		2.381e-02		131.025		5.465e-03		11.124
8		0.00		1.20		2.906e-02		128.731		6.675e-03		13.925
8		0.00		1.60		3.386e-02		130.513		8.560e-03		11.446
8		0.00		2.00		3.879e-02		131.497		9.900e-03		7.365
8		0.00		2.40		4.393e-02		131.527		9.778e-03		6.668
8		0.00		2.80		4.829e-02		130.985		9.216e-03		7.747
8		0.00		3.20		5.138e-02		131.044		9.992e-03		8.949
8		0.00		3.60		5.256e-02		131.971		1.169e-02		9.624
8		0.00		4.00		5.571e-02		132.922		1.365e-02		12.000
8		0.00		4.40		5.575e-02		133.536		1.533e-02		18.971
8		0.00		4.80		5.862e-02		132.380		1.630e-02		19.551
8		0.00		5.20		5.984e-02		134.956		1.668e-02		11.837
8		0.00		5.60		6.089e-02		135.762		1.634e-02		8.561
8		0.00		6.00		6.395e-02		136.042		1.448e-02		10.240
8		0.00		6.40		6.325e-02		131.991		1.556e-02		23.945
8		0.00		6.80		6.583e-02		136.512		1.619e-02		17.423
8		0.00		7.20		6.551e-02		134.246		1.810e-02		23.302
8		0.00		7.60		6.300e-02		135.711		1.719e-02		21.971
8		0.00		8.00		6.632e-02		131.592		2.064e-02		30.585
8		0.00		8.40		6.833e-02		129.788		2.108e-02		38.047
8		0.00		8.80		6.612e-02		133.819		2.018e-02		26.135
8		0.00		9.20		6.844e-02		129.129		2.104e-02		33.408
8		0.00		9.60		6.426e-02		129.555		1.883e-02		29.889
8		0.00		10.00		6.048e-02		135.920		1.735e-02		22.375
8		0.00		9.60		6.220e-02		127.168		1.705e-02		46.334
8		0.00		9.20		6.270e-02		136.067		1.783e-02		15.724
8		0.00		8.80		5.953e-02		136.625		1.794e-02		21.252
8		0.00		8.40		5.759e-02		131.068		1.866e-02		27.044
8		0.00		8.00		5.917e-02		129.561		2.022e-02		33.631
8		0.00		7.60		6.027e-02		129.911		2.042e-02		33.147
8		0.00		7.20		5.493e-02		132.193		1.721e-02		18.711
8		0.00		6.80		5.937e-02		135.214		1.767e-02		9.514
8		0.00		6.40		5.875e-02		134.267		1.450e-02		9.942
8		0.00		6.00		4.932e-02		136.110		1.049e-02		8.812
8		0.00		5.60		5.127e-02		134.927		1.082e-02		9.368
8		0.00		5.20		5.526e-02		133.507		1.233e-02		13.285
8		0.00		4.80		5.260e-02		134.497		1.212e-02		9.882
8		0.00		4.40		4.849e-02		134.658		1.165e-02		9.578
8		0.00		4.00		4.463e-02		132.679		1.084e-02		12.746
8		0.00		3.60		4.149e-02		132.913		1.029e-02		13.279
8		0.00		3.20		3.574e-02		132.719		9.248e-03		11.004
8		0.00		2.80		3.033e-02		134.608		7.343e-03		8.258
8		0.00		2.40		2.462e-02		136.177		5.708e-03		8.310
8		0.00		2.00		1.884e-02		136.254		4.627e-03		9.890
8		0.00		1.60		1.109e-02		136.119		3.292e-03		18.292
8		0.00		1.20		5.758e-03		109.368		2.348e-03		60.896
8		0.00		0.80		3.445e-03		-42.520		1.397e-03		64.520
8		0.00		0.40		7.450e-03		-58.624		2.824e-03		21.795
8		0.00		0.00		1.237e-02		-52.628		3.900e-03		18.164
8		0.00		-0.40		1.611e-02		-52.676		4.714e-03		15.182
8		0.00		-0.80		2.070e-02		-51.463		5.116e-03		10.946
8		0.00		-1.20		2.372e-02		-52.144		5.110e-03		10.660
8		0.00		-1.60		2.560e-02		-52.047		4.652e-03		11.495
8		0.00		-2.00		2.839e-02		-51.183		5.071e-03		11.700
8		0.00		-2.40		3.090e-02		-50.255		5.928e-03		11.272
8		0.00		-2.80		3.173e-02		-48.648		6.832e-03		10.758
8		0.00		-3.20		3.321e-02		-49.483		8.012e-03		14.529
8		0.00		-3.60		3.466e-02		-50.368		9.104e-03		16.184
8		0.00		-4.00		3.780e-02		-50.273		9.808e-03		11.683
8		0.00		-4.40		4.099e-02		-49.669		9.733e-03		8.828
8		0.00		-4.80		4.340e-02		-47.745		9.027e-03		9.229
8		0.00		-5.20		4.492e-02		-47.066		9.145e-03		10.393
8		0.00		-5.60		4.629e-02		-45.828		9.700e-03		10.200
8		0.00		-6.00		4.626e-02		-45.168		1.006e-02		9.507
8		0.00		-6.40		4.788e-02		-43.741		1.223e-02		10.419
8		0.00		-6.80		4.740e-02		-43.435		1.432e-02		10.739
8		0.00		-7.20		4.879e-02		-46.513		1.550e-02		18.156
8		0.00		-7.60		5.098e-02		-48.263		1.662e-02		18.213
8		0.00		-8.00		5.031e-02		-44.469		1.583e-02		9.292
8		0.00		-8.40		5.039e-02		-41.985		1.404e-02		8.498
8		0.00		-8.80		4.859e-02		-40.851		1.300e-02		10.227
8		0.00		-9.20		4.549e-02		-40.569		1.241e-02		11.213
8		0.00		-9.60		4.152e-02		-41.051		1.168e-02		10.225
8		0.00		-10.00		3.497e-02		-40.813		9.891e-03		11.372
8		0.00		-9.60		4.016e-02		-42.023		1.188e-02		12.046
8		0.00		-9.20		4.660e-02		-42.658		1.381e-02		14.974
8		0.00		-8.80		4.803e-02		-42.574		1.342e-02		18.486
8		0.00		-8.40		5.120e-02		-43.972		1.435e-02		13.762
8		0.00		-8.00		5.054e-02		-43.854		1.397e-02		7.862
8		0.00		-7.60		5.053e-02		-43.725		1.225e-02		7.301
8		0.00		-7.20		5.002e-02		-43.132		1.101e-02		9.365
8		0.00		-6.80		4.732e-02		-44.462		9.891e-03		10.614
8		0.00		-6.40		4.511e-02		-45.267		9.172e-03		10.349
8		0.00		-6.00		4.152e-02		-45.526		8.427e-03		10.887
8		0.00		-5.60		3.882e-02		-44.804		8.307e-03		9.901
8		0.00		-5.20		3.514e-02		-45.591		8.726e-03		10.122
8		0.00		-4.80		3.298e-02		-47.163		8.693e-03		12.122
8		0.00		-4.40		2.954e-02		-50.652		7.797e-03		14.340
8		0.00		-4.00		2.586e-02		-49.401		6.754e-03		12.247
8		0.00		-3.60		2.138e-02		-50.587		5.546e-03		11.368
8		0.00		-3.20		1.844e-02		-50.181		4.371e-03		11.118
8		0.00		-2.80		1.488e-02		-46.726		3.490e-03		13.375
8		0.00		-2.40		1.125e-02		-46.877		2.852e-03		16.711
8		0.00		-2.00		7.484e-03		-50.175		2.239e-03		17.713
8		0.00		-1.60		4.175e-03		-44.967		1.910e-03		38.865
8		0.00		-1.20		3.239e-03		60.476		1.416e-03		83.112
8		0.00		-0.80		6.279e-03		117.269		2.215e-03		35.765
8		0.00		-0.40		1.105e-02		125.264		3.229e-03		22.510
