# Date of analysis: 2024-03-08 10;59
# Segment other properties: height: -55.639669612284074, diff height: 221.6167782483967, deflection: 35.981000234395616, deflection error: 2.655796524140426, adhesion: 33.787913181556206, phase offset: 0
# 
# Loop index	Read Volt (V)	Write Volt (V)	Amplitude (a.u)	Phase (deg)	Sigma Amp (a.u)	Sigma Pha (deg)	
1		0.00		0.00		6.365e-03		-41.697		2.577e-03		36.255
1		0.00		0.40		3.396e-03		-30.363		1.171e-03		34.200
1		0.00		0.80		2.401e-03		73.802		1.033e-03		52.320
1		0.00		1.20		5.808e-03		116.206		2.002e-03		25.988
1		0.00		1.60		1.002e-02		128.016		2.525e-03		16.810
1		0.00		2.00		1.417e-02		126.179		3.470e-03		14.070
1		0.00		2.40		1.777e-02		126.471		4.308e-03		13.806
1		0.00		2.80		2.135e-02		126.882		5.267e-03		14.697
1		0.00		3.20		2.497e-02		127.085		6.494e-03		14.264
1		0.00		3.60		2.796e-02		127.561		7.059e-03		14.166
1		0.00		4.00		3.068e-02		129.148		7.775e-03		14.893
1		0.00		4.40		3.347e-02		128.043		8.714e-03		15.135
1		0.00		4.80		3.596e-02		128.578		9.861e-03		17.309
1		0.00		5.20		3.815e-02		127.351		1.057e-02		20.732
1		0.00		5.60		4.054e-02		125.946		1.160e-02		25.320
1		0.00		6.00		4.316e-02		124.260		1.283e-02		28.096
1		0.00		6.40		4.654e-02		126.644		1.347e-02		24.992
1		0.00		6.80		4.820e-02		126.207		1.449e-02		25.528
1		0.00		7.20		5.070e-02		128.069		1.546e-02		22.941
1		0.00		7.60		5.192e-02		129.661		1.582e-02		17.569
1		0.00		8.00		5.347e-02		131.172		1.749e-02		14.844
1		0.00		8.40		5.468e-02		129.822		1.722e-02		20.730
1		0.00		8.80		5.632e-02		128.871		1.795e-02		12.967
1		0.00		9.20		5.742e-02		126.023		1.854e-02		15.669
1		0.00		9.60		5.726e-02		126.298		1.748e-02		16.724
1		0.00		10.00		5.651e-02		125.365		1.856e-02		17.380
1		0.00		9.60		5.391e-02		126.010		1.628e-02		17.853
1		0.00		9.20		5.363e-02		126.045		1.516e-02		16.080
1		0.00		8.80		4.985e-02		123.695		1.551e-02		20.226
1		0.00		8.40		4.929e-02		129.300		1.151e-02		14.774
1		0.00		8.00		4.752e-02		130.042		1.096e-02		13.914
1		0.00		7.60		4.642e-02		131.050		1.123e-02		14.531
1		0.00		7.20		4.415e-02		128.438		1.199e-02		16.334
1		0.00		6.80		4.108e-02		127.892		1.107e-02		18.766
1		0.00		6.40		3.897e-02		125.750		1.066e-02		21.036
1		0.00		6.00		3.556e-02		126.578		9.622e-03		23.239
1		0.00		5.60		3.249e-02		127.773		8.864e-03		23.386
1		0.00		5.20		2.972e-02		129.163		8.286e-03		18.394
1		0.00		4.80		2.665e-02		131.482		7.097e-03		14.827
1		0.00		4.40		2.282e-02		130.759		5.807e-03		11.734
1		0.00		4.00		1.959e-02		131.921		4.780e-03		12.228
1		0.00		3.60		1.637e-02		127.799		3.803e-03		14.986
1		0.00		3.20		1.199e-02		129.150		2.762e-03		17.057
1		0.00		2.80		8.266e-03		128.007		1.749e-03		17.947
1		0.00		2.40		3.915e-03		118.864		1.113e-03		41.496
1		0.00		2.00		1.793e-03		-12.922		7.185e-04		70.903
1		0.00		1.60		4.359e-03		-52.601		1.652e-03		23.524
1		0.00		1.20		8.626e-03		-52.394		2.629e-03		16.903
1		0.00		0.80		1.237e-02		-52.567		3.721e-03		15.141
1		0.00		0.40		1.664e-02		-45.775		4.502e-03		13.323
1		0.00		0.00		2.132e-02		-51.304		5.362e-03		12.577
1		0.00		-0.40		2.567e-02		-52.017		5.909e-03		10.863
1		0.00		-0.80		3.010e-02		-51.502		6.406e-03		11.157
1		0.00		-1.20		3.333e-02		-53.481		7.325e-03		12.637
1		0.00		-1.60		3.692e-02		-53.322		8.891e-03		12.764
1		0.00		-2.00		3.956e-02		-52.362		1.009e-02		14.413
1		0.00		-2.40		4.384e-02		-53.785		1.148e-02		16.727
1		0.00		-2.80		4.728e-02		-51.517		1.299e-02		15.367
1		0.00		-3.20		5.065e-02		-51.386		1.437e-02		11.815
1		0.00		-3.60		5.366e-02		-54.211		1.490e-02		12.987
1		0.00		-4.00		5.809e-02		-54.241		1.424e-02		7.171
1		0.00		-4.40		5.835e-02		-53.278		1.575e-02		14.586
1		0.00		-4.80		5.764e-02		-54.731		1.593e-02		15.909
1		0.00		-5.20		5.817e-02		-55.292		1.694e-02		17.969
1		0.00		-5.60		6.053e-02		-44.928		1.821e-02		15.584
1		0.00		-6.00		6.014e-02		-50.278		2.059e-02		22.986
1		0.00		-6.40		6.229e-02		-44.163		2.009e-02		24.428
1		0.00		-6.80		6.241e-02		-48.331		2.148e-02		20.931
1		0.00		-7.20		6.225e-02		-48.158		2.020e-02		21.931
1		0.00		-7.60		7.191e-02		-47.555		1.894e-02		13.652
1		0.00		-8.00		6.929e-02		-50.226		1.869e-02		20.712
1		0.00		-8.40		6.518e-02		-53.027		1.983e-02		24.209
1		0.00		-8.80		6.218e-02		-50.158		1.889e-02		21.074
1		0.00		-9.20		6.249e-02		-43.278		1.733e-02		13.745
1		0.00		-9.60		5.558e-02		-40.481		1.812e-02		16.736
1		0.00		-10.00		4.964e-02		-43.314		1.601e-02		15.600
1		0.00		-9.60		5.609e-02		-40.714		1.712e-02		22.532
1		0.00		-9.20		6.018e-02		-38.576		1.953e-02		28.751
1		0.00		-8.80		6.122e-02		-47.654		1.903e-02		19.386
1		0.00		-8.40		6.555e-02		-46.712		1.782e-02		13.181
1		0.00		-8.00		6.569e-02		-48.690		1.690e-02		12.012
1		0.00		-7.60		6.159e-02		-50.652		1.738e-02		18.250
1		0.00		-7.20		6.014e-02		-50.547		1.652e-02		16.562
1		0.00		-6.80		5.659e-02		-50.758		1.480e-02		16.032
1		0.00		-6.40		5.322e-02		-51.949		1.499e-02		17.510
1		0.00		-6.00		5.160e-02		-50.992		1.406e-02		15.078
1		0.00		-5.60		4.929e-02		-51.455		1.409e-02		14.691
1		0.00		-5.20		4.706e-02		-50.583		1.328e-02		16.259
1		0.00		-4.80		4.382e-02		-49.109		1.257e-02		13.754
1		0.00		-4.40		4.010e-02		-49.890		1.137e-02		10.938
1		0.00		-4.00		3.697e-02		-50.269		9.398e-03		8.947
1		0.00		-3.60		3.372e-02		-51.482		7.654e-03		9.779
1		0.00		-3.20		3.000e-02		-50.873		6.005e-03		9.883
1		0.00		-2.80		2.590e-02		-49.745		5.061e-03		12.760
1		0.00		-2.40		2.185e-02		-50.151		4.184e-03		12.770
1		0.00		-2.00		1.752e-02		-46.892		3.737e-03		15.385
1		0.00		-1.60		1.285e-02		-47.994		2.860e-03		14.861
1		0.00		-1.20		8.754e-03		-41.621		2.139e-03		19.050
1		0.00		-0.80		4.800e-03		-24.572		1.419e-03		24.150
1		0.00		-0.40		1.899e-03		3.938		7.599e-04		65.191
2		0.00		0.00		4.429e-03		101.343		1.683e-03		33.604
2		0.00		0.40		7.752e-03		116.057		2.338e-03		15.609
2		0.00		0.80		1.151e-02		126.054		3.221e-03		15.582
2		0.00		1.20		1.516e-02		123.809		4.371e-03		15.396
2		0.00		1.60		1.902e-02		123.717		5.512e-03		15.743
2		0.00		2.00		2.199e-02		127.368		6.258e-03		16.620
2		0.00		2.40		2.514e-02		125.984		7.510e-03		20.862
2		0.00		2.80		2.781e-02		126.536		8.254e-03		23.679
2		0.00		3.20		3.057e-02		127.056		9.696e-03		26.008
2		0.00		3.60		3.293e-02		129.987		9.475e-03		11.433
2		0.00		4.00		3.608e-02		128.767		9.110e-03		12.708
2		0.00		4.40		3.830e-02		128.362		9.169e-03		13.605
2		0.00		4.80		4.046e-02		128.389		8.922e-03		11.677
2		0.00		5.20		4.313e-02		129.593		1.049e-02		12.870
2		0.00		5.60		4.566e-02		128.733		1.212e-02		16.297
2		0.00		6.00		4.712e-02		126.403		1.380e-02		24.978
2		0.00		6.40		5.012e-02		129.007		1.498e-02		20.227
2		0.00		6.80		5.269e-02		131.138		1.504e-02		9.762
2		0.00		7.20		5.561e-02		131.006		1.429e-02		11.091
2		0.00		7.60		5.649e-02		128.962		1.459e-02		15.233
2		0.00		8.00		5.473e-02		128.712		1.417e-02		19.246
2		0.00		8.40		5.656e-02		129.006		1.667e-02		19.555
2		0.00		8.80		5.949e-02		130.020		1.953e-02		21.949
2		0.00		9.20		5.973e-02		121.793		2.008e-02		35.176
2		0.00		9.60		5.758e-02		122.042		2.040e-02		27.474
2		0.00		10.00		5.678e-02		126.773		1.835e-02		18.562
2		0.00		9.60		6.024e-02		126.306		1.716e-02		24.875
2		0.00		9.20		5.597e-02		121.876		1.671e-02		33.939
2		0.00		8.80		5.326e-02		125.412		1.635e-02		35.470
2		0.00		8.40		5.244e-02		126.987		1.648e-02		18.904
2		0.00		8.00		4.960e-02		127.117		1.570e-02		27.734
2		0.00		7.60		5.025e-02		128.765		1.458e-02		29.159
2		0.00		7.20		4.901e-02		130.310		1.362e-02		18.951
2		0.00		6.80		4.683e-02		132.215		1.203e-02		10.094
2		0.00		6.40		4.388e-02		130.763		9.981e-03		10.301
2		0.00		6.00		4.078e-02		129.663		8.619e-03		10.570
2		0.00		5.60		3.687e-02		128.394		8.400e-03		13.108
2		0.00		5.20		3.380e-02		130.446		8.092e-03		13.861
2		0.00		4.80		3.098e-02		130.975		7.414e-03		14.907
2		0.00		4.40		2.697e-02		129.649		6.792e-03		18.701
2		0.00		4.00		2.360e-02		127.723		6.296e-03		21.249
2		0.00		3.60		1.980e-02		131.040		5.455e-03		15.961
2		0.00		3.20		1.627e-02		131.767		4.138e-03		10.689
2		0.00		2.80		1.217e-02		129.375		2.844e-03		14.314
2		0.00		2.40		7.977e-03		129.332		1.675e-03		17.937
2		0.00		2.00		3.791e-03		118.701		1.265e-03		27.930
2		0.00		1.60		1.735e-03		-9.881		7.130e-04		54.125
2		0.00		1.20		5.464e-03		-45.261		1.883e-03		24.192
2		0.00		0.80		9.392e-03		-48.062		2.427e-03		17.153
2		0.00		0.40		1.363e-02		-50.098		3.685e-03		13.059
2		0.00		0.00		1.812e-02		-50.624		4.555e-03		15.558
2		0.00		-0.40		2.203e-02		-50.672		5.464e-03		16.542
2		0.00		-0.80		2.616e-02		-48.033		6.199e-03		10.474
2		0.00		-1.20		3.034e-02		-50.360		7.012e-03		10.411
2		0.00		-1.60		3.392e-02		-51.089		7.822e-03		10.363
2		0.00		-2.00		3.808e-02		-51.903		8.494e-03		9.661
2		0.00		-2.40		4.235e-02		-53.081		8.717e-03		9.752
2		0.00		-2.80		4.604e-02		-52.569		9.000e-03		9.735
2		0.00		-3.20		4.989e-02		-54.436		1.051e-02		10.026
2		0.00		-3.60		5.128e-02		-54.090		1.173e-02		12.147
2		0.00		-4.00		5.344e-02		-54.410		1.241e-02		12.753
2		0.00		-4.40		5.356e-02		-53.431		1.184e-02		14.662
2		0.00		-4.80		5.693e-02		-50.970		1.324e-02		15.314
2		0.00		-5.20		6.027e-02		-47.172		1.610e-02		8.924
2		0.00		-5.60		6.078e-02		-47.074		1.721e-02		13.195
2		0.00		-6.00		5.933e-02		-50.164		1.706e-02		19.971
2		0.00		-6.40		5.962e-02		-49.238		1.758e-02		20.344
2		0.00		-6.80		6.163e-02		-46.213		1.853e-02		24.015
2		0.00		-7.20		6.218e-02		-43.076		2.017e-02		18.614
2		0.00		-7.60		6.522e-02		-44.638		1.898e-02		13.234
2		0.00		-8.00		6.815e-02		-45.103		1.872e-02		15.349
2		0.00		-8.40		6.681e-02		-43.176		1.838e-02		17.315
2		0.00		-8.80		6.102e-02		-52.153		1.662e-02		18.759
2		0.00		-9.20		5.916e-02		-48.302		1.659e-02		18.047
2		0.00		-9.60		5.871e-02		-48.155		1.766e-02		14.553
2		0.00		-10.00		4.793e-02		-48.833		1.427e-02		17.462
2		0.00		-9.60		5.232e-02		-46.624		1.539e-02		16.715
2		0.00		-9.20		5.834e-02		-45.869		1.776e-02		20.660
2		0.00		-8.80		5.958e-02		-44.290		1.749e-02		17.957
2		0.00		-8.40		6.146e-02		-50.633		1.739e-02		20.505
2		0.00		-8.00		6.215e-02		-46.989		1.948e-02		21.051
2		0.00		-7.60		6.142e-02		-43.117		1.743e-02		17.473
2		0.00		-7.20		5.904e-02		-48.104		1.892e-02		17.009
2		0.00		-6.80		5.642e-02		-46.819		1.718e-02		11.931
2		0.00		-6.40		5.580e-02		-49.602		1.566e-02		11.007
2		0.00		-6.00		5.413e-02		-49.959		1.411e-02		9.498
2		0.00		-5.60		5.068e-02		-50.013		1.167e-02		8.929
2		0.00		-5.20		4.654e-02		-50.547		1.086e-02		9.588
2		0.00		-4.80		4.277e-02		-51.560		9.979e-03		10.936
2		0.00		-4.40		3.859e-02		-52.952		9.456e-03		12.622
2		0.00		-4.00		3.537e-02		-51.912		8.741e-03		11.995
2		0.00		-3.60		3.145e-02		-52.492		7.570e-03		15.332
2		0.00		-3.20		2.794e-02		-50.370		6.189e-03		14.594
2		0.00		-2.80		2.423e-02		-48.784		5.439e-03		14.868
2		0.00		-2.40		2.041e-02		-43.421		4.796e-03		11.722
2		0.00		-2.00		1.657e-02		-44.794		3.963e-03		13.027
2		0.00		-1.60		1.212e-02		-42.737		2.571e-03		12.514
2		0.00		-1.20		8.130e-03		-39.828		1.782e-03		12.653
2		0.00		-0.80		4.361e-03		-30.097		1.399e-03		26.318
2		0.00		-0.40		2.004e-03		38.641		7.774e-04		57.715
3		0.00		0.00		4.997e-03		105.690		1.532e-03		27.240
3		0.00		0.40		8.979e-03		123.275		2.324e-03		13.214
3		0.00		0.80		1.337e-02		123.916		3.117e-03		12.580
3		0.00		1.20		1.760e-02		126.886		4.172e-03		12.069
3		0.00		1.60		2.056e-02		127.092		5.137e-03		12.829
3		0.00		2.00		2.351e-02		127.040		5.927e-03		16.894
3		0.00		2.40		2.684e-02		127.498		7.191e-03		17.053
3		0.00		2.80		3.032e-02		127.241		8.208e-03		19.503
3		0.00		3.20		3.306e-02		128.318		9.215e-03		16.640
3		0.00		3.60		3.600e-02		129.365		1.030e-02		12.931
3		0.00		4.00		3.896e-02		131.265		1.074e-02		9.678
3		0.00		4.40		4.048e-02		131.076		1.115e-02		10.506
3		0.00		4.80		4.460e-02		131.511		1.068e-02		8.840
3		0.00		5.20		4.724e-02		130.891		1.068e-02		8.987
3		0.00		5.60		4.917e-02		129.826		1.155e-02		9.916
3		0.00		6.00		4.970e-02		131.550		1.145e-02		8.446
3		0.00		6.40		5.144e-02		130.550		1.143e-02		9.953
3		0.00		6.80		5.190e-02		129.789		1.306e-02		13.872
3		0.00		7.20		5.348e-02		131.193		1.238e-02		12.421
3		0.00		7.60		5.688e-02		129.136		1.678e-02		16.357
3		0.00		8.00		5.881e-02		130.989		1.638e-02		15.107
3		0.00		8.40		5.588e-02		128.209		1.732e-02		25.321
3		0.00		8.80		5.778e-02		128.770		1.869e-02		26.790
3		0.00		9.20		5.957e-02		125.148		2.081e-02		29.590
3		0.00		9.60		5.847e-02		121.441		2.045e-02		32.162
3		0.00		10.00		5.602e-02		125.373		2.022e-02		33.325
3		0.00		9.60		5.662e-02		122.383		1.929e-02		29.640
3		0.00		9.20		5.687e-02		130.222		1.906e-02		14.435
3		0.00		8.80		5.763e-02		129.028		1.794e-02		11.176
3		0.00		8.40		5.622e-02		129.639		1.587e-02		10.293
3		0.00		8.00		5.217e-02		129.775		1.438e-02		10.799
3		0.00		7.60		4.986e-02		129.305		1.236e-02		11.742
3		0.00		7.20		4.701e-02		129.628		1.136e-02		14.757
3		0.00		6.80		4.500e-02		128.560		1.022e-02		11.764
3		0.00		6.40		4.234e-02		129.916		9.988e-03		12.915
3		0.00		6.00		3.924e-02		129.647		9.251e-03		12.957
3		0.00		5.60		3.639e-02		130.667		8.670e-03		12.906
3		0.00		5.20		3.333e-02		130.528		7.951e-03		13.455
3		0.00		4.80		3.067e-02		130.084		6.929e-03		15.304
3		0.00		4.40		2.670e-02		130.765		6.309e-03		14.879
3		0.00		4.00		2.356e-02		131.646		5.489e-03		18.284
3		0.00		3.60		1.982e-02		129.201		5.033e-03		22.648
3		0.00		3.20		1.611e-02		129.646		4.067e-03		22.979
3		0.00		2.80		1.194e-02		126.733		3.098e-03		18.631
3		0.00		2.40		7.822e-03		128.540		2.250e-03		26.278
3		0.00		2.00		4.309e-03		120.148		1.257e-03		25.801
3		0.00		1.60		1.825e-03		0.257		7.027e-04		67.539
3		0.00		1.20		4.913e-03		-50.708		1.690e-03		20.900
3		0.00		0.80		9.491e-03		-49.428		2.547e-03		14.160
3		0.00		0.40		1.379e-02		-51.082		3.595e-03		12.420
3		0.00		0.00		1.860e-02		-48.354		4.010e-03		11.401
3		0.00		-0.40		2.206e-02		-52.436		4.917e-03		11.607
3		0.00		-0.80		2.580e-02		-50.880		5.767e-03		11.637
3		0.00		-1.20		2.983e-02		-50.826		6.502e-03		12.554
3		0.00		-1.60		3.347e-02		-51.279		8.128e-03		14.021
3		0.00		-2.00		3.735e-02		-49.392		8.916e-03		12.743
3		0.00		-2.40		3.999e-02		-51.474		1.032e-02		11.636
3		0.00		-2.80		4.407e-02		-50.068		1.164e-02		11.183
3		0.00		-3.20		4.721e-02		-52.296		1.233e-02		9.744
3		0.00		-3.60		5.017e-02		-53.869		1.265e-02		10.330
3		0.00		-4.00		5.474e-02		-54.193		1.348e-02		9.249
3		0.00		-4.40		5.741e-02		-52.168		1.277e-02		7.254
3		0.00		-4.80		5.736e-02		-54.280		1.428e-02		14.309
3		0.00		-5.20		5.783e-02		-55.674		1.765e-02		19.558
3		0.00		-5.60		5.786e-02		-50.261		1.582e-02		16.649
3		0.00		-6.00		5.811e-02		-48.953		1.745e-02		20.805
3		0.00		-6.40		6.116e-02		-50.169		1.958e-02		20.439
3		0.00		-6.80		6.249e-02		-44.596		1.965e-02		17.660
3		0.00		-7.20		6.337e-02		-49.086		2.005e-02		20.496
3		0.00		-7.60		6.436e-02		-50.795		2.024e-02		25.164
3		0.00		-8.00		6.418e-02		-42.193		2.056e-02		24.633
3		0.00		-8.40		6.414e-02		-43.700		2.068e-02		20.880
3		0.00		-8.80		6.255e-02		-46.824		1.873e-02		18.643
3		0.00		-9.20		6.282e-02		-44.626		1.734e-02		12.057
3		0.00		-9.60		5.852e-02		-45.778		1.727e-02		11.502
3		0.00		-10.00		5.218e-02		-46.577		1.411e-02		8.915
3		0.00		-9.60		5.757e-02		-48.849		1.726e-02		11.789
3		0.00		-9.20		5.854e-02		-45.078		1.736e-02		17.375
3		0.00		-8.80		6.144e-02		-49.921		1.685e-02		15.813
3		0.00		-8.40		6.145e-02		-48.544		1.638e-02		17.957
3		0.00		-8.00		6.167e-02		-51.481		1.667e-02		17.423
3		0.00		-7.60		6.050e-02		-47.503		1.548e-02		17.466
3		0.00		-7.20		5.910e-02		-46.272		1.545e-02		13.976
3		0.00		-6.80		5.514e-02		-48.238		1.518e-02		15.609
3		0.00		-6.40		5.425e-02		-51.086		1.551e-02		19.785
3		0.00		-6.00		5.160e-02		-48.648		1.519e-02		18.650
3		0.00		-5.60		4.883e-02		-48.557		1.479e-02		14.860
3		0.00		-5.20		4.641e-02		-49.636		1.315e-02		10.987
3		0.00		-4.80		4.365e-02		-49.869		1.166e-02		9.492
3		0.00		-4.40		3.965e-02		-50.527		9.974e-03		9.087
3		0.00		-4.00		3.607e-02		-51.524		8.086e-03		8.636
3		0.00		-3.60		3.338e-02		-51.372		7.176e-03		9.860
3		0.00		-3.20		2.920e-02		-49.042		5.630e-03		10.440
3		0.00		-2.80		2.553e-02		-51.653		4.975e-03		11.458
3		0.00		-2.40		2.146e-02		-49.809		3.965e-03		11.377
3		0.00		-2.00		1.697e-02		-45.796		3.034e-03		11.609
3		0.00		-1.60		1.241e-02		-46.402		2.316e-03		13.436
3		0.00		-1.20		8.039e-03		-41.080		1.821e-03		18.488
3		0.00		-0.80		3.943e-03		-27.667		1.234e-03		31.167
3		0.00		-0.40		2.121e-03		35.586		8.858e-04		58.852
4		0.00		0.00		5.209e-03		108.656		1.767e-03		29.431
4		0.00		0.40		9.036e-03		119.707		2.367e-03		18.065
4		0.00		0.80		1.296e-02		123.918		3.452e-03		20.857
4		0.00		1.20		1.686e-02		125.338		4.643e-03		20.138
4		0.00		1.60		2.029e-02		125.093		5.997e-03		21.416
4		0.00		2.00		2.301e-02		125.081		6.938e-03		16.770
4		0.00		2.40		2.637e-02		128.808		7.676e-03		13.297
4		0.00		2.80		2.907e-02		130.737		8.825e-03		11.765
4		0.00		3.20		3.197e-02		129.044		9.155e-03		9.671
4		0.00		3.60		3.436e-02		129.553		9.407e-03		10.022
4		0.00		4.00		3.654e-02		130.006		9.824e-03		8.822
4		0.00		4.40		3.947e-02		129.213		9.957e-03		9.671
4		0.00		4.80		4.193e-02		129.858		9.818e-03		10.873
4		0.00		5.20		4.441e-02		129.069		1.015e-02		9.765
4		0.00		5.60		4.571e-02		127.159		1.111e-02		13.098
4		0.00		6.00		4.671e-02		130.576		1.053e-02		10.799
4		0.00		6.40		4.913e-02		129.818		1.156e-02		11.745
4		0.00		6.80		5.072e-02		130.785		1.231e-02		13.715
4		0.00		7.20		5.311e-02		128.367		1.460e-02		18.431
4		0.00		7.60		5.629e-02		130.384		1.575e-02		18.827
4		0.00		8.00		5.726e-02		130.137		1.584e-02		22.738
4		0.00		8.40		5.955e-02		130.490		1.774e-02		19.106
4		0.00		8.80		6.140e-02		125.893		1.920e-02		24.387
4		0.00		9.20		6.026e-02		122.744		1.879e-02		28.736
4		0.00		9.60		5.908e-02		123.371		2.057e-02		28.780
4		0.00		10.00		5.686e-02		128.301		2.027e-02		20.630
4		0.00		9.60		5.847e-02		129.965		1.914e-02		18.898
4		0.00		9.20		5.988e-02		128.797		1.811e-02		12.333
4		0.00		8.80		5.837e-02		130.849		1.607e-02		10.386
4		0.00		8.40		5.641e-02		131.203		1.453e-02		10.267
4		0.00		8.00		5.396e-02		130.935		1.317e-02		10.383
4		0.00		7.60		5.200e-02		131.125		1.221e-02		11.362
4		0.00		7.20		4.955e-02		129.773		1.077e-02		10.197
4		0.00		6.80		4.606e-02		129.819		9.874e-03		11.295
4		0.00		6.40		4.409e-02		129.828		8.635e-03		9.751
4		0.00		6.00		4.155e-02		129.293		9.228e-03		12.269
4		0.00		5.60		3.818e-02		129.832		7.965e-03		11.737
4		0.00		5.20		3.514e-02		130.150		7.527e-03		11.349
4		0.00		4.80		3.158e-02		130.621		6.583e-03		12.540
4		0.00		4.40		2.894e-02		131.226		6.034e-03		11.818
4		0.00		4.00		2.486e-02		131.294		5.582e-03		13.164
4		0.00		3.60		2.097e-02		131.814		4.505e-03		12.310
4		0.00		3.20		1.690e-02		129.601		3.846e-03		17.889
4		0.00		2.80		1.293e-02		127.426		3.319e-03		19.827
4		0.00		2.40		9.141e-03		127.646		2.571e-03		26.614
4		0.00		2.00		4.788e-03		119.853		1.527e-03		31.268
4		0.00		1.60		1.885e-03		36.973		6.850e-04		75.138
4		0.00		1.20		3.905e-03		-45.814		1.388e-03		30.114
4		0.00		0.80		8.070e-03		-49.822		2.445e-03		18.148
4		0.00		0.40		1.211e-02		-51.067		3.213e-03		12.606
4		0.00		0.00		1.656e-02		-49.041		4.185e-03		10.237
4		0.00		-0.40		2.032e-02		-51.627		4.735e-03		14.984
4		0.00		-0.80		2.554e-02		-51.410		4.980e-03		11.551
4		0.00		-1.20		2.864e-02		-51.641		5.261e-03		10.759
4		0.00		-1.60		3.337e-02		-53.469		6.523e-03		11.629
4		0.00		-2.00		3.603e-02		-53.647		7.881e-03		12.236
4		0.00		-2.40		3.987e-02		-51.751		8.627e-03		11.389
4		0.00		-2.80		4.348e-02		-52.604		9.463e-03		12.680
4		0.00		-3.20		4.702e-02		-51.678		1.029e-02		11.275
4		0.00		-3.60		4.987e-02		-52.556		1.220e-02		14.315
4		0.00		-4.00		5.183e-02		-52.372		1.397e-02		15.436
4		0.00		-4.40		5.491e-02		-51.290		1.458e-02		12.536
4		0.00		-4.80		5.614e-02		-52.529		1.654e-02		11.911
4		0.00		-5.20		5.938e-02		-50.822		1.619e-02		10.246
4		0.00		-5.60		6.128e-02		-51.548		1.687e-02		14.648
4		0.00		-6.00		6.069e-02		-47.788		1.501e-02		14.391
4		0.00		-6.40		6.280e-02		-48.612		1.544e-02		16.457
4		0.00		-6.80		6.308e-02		-51.830		1.869e-02		20.754
4		0.00		-7.20		6.547e-02		-47.854		1.694e-02		14.409
4		0.00		-7.60		6.838e-02		-47.008		2.097e-02		17.934
4		0.00		-8.00		6.232e-02		-46.981		2.034e-02		21.246
4		0.00		-8.40		6.528e-02		-46.761		2.027e-02		23.557
4		0.00		-8.80		6.193e-02		-39.248		1.877e-02		20.489
4		0.00		-9.20		6.136e-02		-43.529		1.826e-02		14.078
4		0.00		-9.60		5.831e-02		-46.114		1.717e-02		10.803
4		0.00		-10.00		5.156e-02		-46.099		1.348e-02		12.034
4		0.00		-9.60		5.573e-02		-47.310		1.556e-02		12.967
4		0.00		-9.20		5.803e-02		-49.255		1.740e-02		18.595
4		0.00		-8.80		6.125e-02		-45.478		1.523e-02		12.490
4		0.00		-8.40		6.381e-02		-45.221		1.689e-02		12.295
4		0.00		-8.00		6.168e-02		-50.269		1.619e-02		18.483
4		0.00		-7.60		6.147e-02		-49.497		1.721e-02		18.970
4		0.00		-7.20		5.939e-02		-45.662		1.700e-02		13.932
4		0.00		-6.80		5.840e-02		-47.394		1.674e-02		11.257
4		0.00		-6.40		5.596e-02		-48.934		1.475e-02		9.229
4		0.00		-6.00		5.360e-02		-50.018		1.282e-02		10.535
4		0.00		-5.60		5.023e-02		-50.092		1.021e-02		7.912
4		0.00		-5.20		4.676e-02		-50.655		9.989e-03		9.653
4		0.00		-4.80		4.245e-02		-51.140		9.315e-03		11.379
4		0.00		-4.40		3.831e-02		-51.466		8.964e-03		12.309
4		0.00		-4.00		3.438e-02		-51.810		8.411e-03		17.932
4		0.00		-3.60		3.003e-02		-50.502		7.993e-03		15.255
4		0.00		-3.20		2.696e-02		-48.848		6.694e-03		12.010
4		0.00		-2.80		2.381e-02		-49.283		5.294e-03		11.426
4		0.00		-2.40		1.972e-02		-47.449		3.781e-03		10.842
4		0.00		-2.00		1.606e-02		-46.879		2.853e-03		11.392
4		0.00		-1.60		1.209e-02		-46.136		2.302e-03		12.456
4		0.00		-1.20		7.778e-03		-36.862		1.418e-03		16.208
4		0.00		-0.80		3.724e-03		-18.709		1.410e-03		30.719
4		0.00		-0.40		2.001e-03		37.843		7.993e-04		60.591
5		0.00		0.00		5.498e-03		111.440		1.787e-03		33.439
5		0.00		0.40		9.401e-03		123.837		2.824e-03		18.663
5		0.00		0.80		1.363e-02		125.905		3.584e-03		13.836
5		0.00		1.20		1.700e-02		126.370		4.015e-03		12.527
5		0.00		1.60		2.086e-02		127.597		4.564e-03		10.560
5		0.00		2.00		2.437e-02		126.881		4.988e-03		10.431
5		0.00		2.40		2.798e-02		129.178		6.010e-03		10.480
5		0.00		2.80		3.146e-02		128.854		6.974e-03		10.940
5		0.00		3.20		3.377e-02		128.242		8.043e-03		13.914
5		0.00		3.60		3.592e-02		128.974		9.404e-03		17.637
5		0.00		4.00		3.788e-02		129.673		1.093e-02		15.946
5		0.00		4.40		4.073e-02		130.817		1.184e-02		12.120
5		0.00		4.80		4.360e-02		131.546		1.091e-02		8.736
5		0.00		5.20		4.566e-02		129.788		1.018e-02		8.177
5		0.00		5.60		4.770e-02		130.710		1.037e-02		10.118
5		0.00		6.00		4.871e-02		132.031		1.076e-02		9.132
5		0.00		6.40		5.069e-02		129.001		1.319e-02		17.204
5		0.00		6.80		5.251e-02		127.521		1.495e-02		23.193
5		0.00		7.20		5.567e-02		129.856		1.610e-02		20.159
5		0.00		7.60		5.700e-02		132.950		1.626e-02		10.400
5		0.00		8.00		6.032e-02		131.640		1.624e-02		11.376
5		0.00		8.40		5.994e-02		134.781		1.439e-02		14.040
5		0.00		8.80		6.105e-02		130.750		1.593e-02		14.285
5		0.00		9.20		5.921e-02		130.726		1.525e-02		15.846
5		0.00		9.60		5.934e-02		123.929		2.007e-02		26.469
5		0.00		10.00		5.697e-02		127.490		2.027e-02		26.938
5		0.00		9.60		5.887e-02		122.818		1.989e-02		34.397
5		0.00		9.20		5.823e-02		124.192		2.113e-02		26.024
5		0.00		8.80		5.768e-02		131.486		1.631e-02		13.133
5		0.00		8.40		5.610e-02		128.229		1.483e-02		15.548
5		0.00		8.00		5.169e-02		127.971		1.333e-02		17.160
5		0.00		7.60		4.913e-02		131.312		1.101e-02		11.860
5		0.00		7.20		4.675e-02		130.948		1.184e-02		13.997
5		0.00		6.80		4.550e-02		126.091		1.268e-02		21.968
5		0.00		6.40		4.345e-02		127.584		1.175e-02		22.616
5		0.00		6.00		4.090e-02		129.132		1.107e-02		20.626
5		0.00		5.60		3.839e-02		132.343		9.848e-03		9.230
5		0.00		5.20		3.490e-02		131.169		7.737e-03		10.526
5		0.00		4.80		3.185e-02		129.856		6.486e-03		11.318
5		0.00		4.40		2.791e-02		129.990		5.736e-03		12.395
5		0.00		4.00		2.412e-02		130.918		4.895e-03		12.416
5		0.00		3.60		2.091e-02		129.611		4.512e-03		15.619
5		0.00		3.20		1.717e-02		130.065		3.797e-03		21.357
5		0.00		2.80		1.325e-02		129.559		3.218e-03		19.572
5		0.00		2.40		9.270e-03		127.771		2.184e-03		15.770
5		0.00		2.00		5.248e-03		125.303		1.539e-03		24.275
5		0.00		1.60		1.942e-03		34.745		7.803e-04		74.905
5		0.00		1.20		3.822e-03		-45.218		1.375e-03		25.722
5		0.00		0.80		7.736e-03		-44.756		1.977e-03		16.979
5		0.00		0.40		1.241e-02		-47.916		2.879e-03		14.522
5		0.00		0.00		1.657e-02		-49.949		4.099e-03		12.162
5		0.00		-0.40		2.058e-02		-48.961		5.267e-03		10.916
5		0.00		-0.80		2.454e-02		-50.454		5.509e-03		12.155
5		0.00		-1.20		2.935e-02		-51.312		5.966e-03		9.665
5		0.00		-1.60		3.317e-02		-51.789		6.257e-03		10.672
5		0.00		-2.00		3.717e-02		-53.026		7.426e-03		11.126
5		0.00		-2.40		3.910e-02		-53.312		8.561e-03		12.101
5		0.00		-2.80		4.246e-02		-51.385		1.032e-02		13.731
5		0.00		-3.20		4.636e-02		-50.694		1.242e-02		10.659
5		0.00		-3.60		4.905e-02		-51.560		1.323e-02		9.711
5		0.00		-4.00		5.214e-02		-53.904		1.301e-02		10.497
5		0.00		-4.40		5.588e-02		-52.126		1.206e-02		10.744
5		0.00		-4.80		5.651e-02		-55.201		1.457e-02		16.707
5		0.00		-5.20		5.741e-02		-49.817		1.282e-02		11.565
5		0.00		-5.60		6.065e-02		-49.393		1.708e-02		15.833
5		0.00		-6.00		6.161e-02		-45.821		1.817e-02		18.127
5		0.00		-6.40		5.965e-02		-49.519		1.836e-02		18.026
5		0.00		-6.80		6.490e-02		-47.198		1.796e-02		13.545
5		0.00		-7.20		6.497e-02		-47.155		1.825e-02		15.920
5		0.00		-7.60		5.874e-02		-55.490		1.989e-02		26.669
5		0.00		-8.00		6.531e-02		-42.965		1.906e-02		18.579
5		0.00		-8.40		6.181e-02		-49.047		2.116e-02		24.849
5		0.00		-8.80		6.204e-02		-37.992		2.050e-02		35.001
5		0.00		-9.20		6.071e-02		-44.286		2.132e-02		17.507
5		0.00		-9.60		5.752e-02		-47.609		1.793e-02		11.524
5		0.00		-10.00		4.876e-02		-48.470		1.381e-02		16.894
5		0.00		-9.60		5.176e-02		-49.937		1.537e-02		19.598
5		0.00		-9.20		5.707e-02		-44.384		1.651e-02		18.924
5		0.00		-8.80		6.131e-02		-45.732		1.749e-02		20.962
5		0.00		-8.40		6.189e-02		-47.003		1.775e-02		15.391
5		0.00		-8.00		6.459e-02		-49.906		1.697e-02		13.904
5		0.00		-7.60		6.357e-02		-47.506		1.651e-02		16.480
5		0.00		-7.20		5.911e-02		-48.699		1.286e-02		11.910
5		0.00		-6.80		5.722e-02		-49.373		1.403e-02		15.414
5		0.00		-6.40		5.599e-02		-46.601		1.508e-02		19.779
5		0.00		-6.00		5.353e-02		-49.550		1.480e-02		15.786
5		0.00		-5.60		5.200e-02		-49.356		1.213e-02		8.519
5		0.00		-5.20		4.888e-02		-50.045		9.593e-03		8.654
5		0.00		-4.80		4.411e-02		-51.458		8.406e-03		10.418
5		0.00		-4.40		4.049e-02		-51.313		8.524e-03		11.998
5		0.00		-4.00		3.632e-02		-51.646		9.278e-03		15.801
5		0.00		-3.60		3.189e-02		-51.294		8.340e-03		11.544
5		0.00		-3.20		2.862e-02		-49.578		6.636e-03		10.015
5		0.00		-2.80		2.520e-02		-48.206		4.707e-03		9.771
5		0.00		-2.40		2.129e-02		-49.508		3.668e-03		12.004
5		0.00		-2.00		1.715e-02		-47.473		3.243e-03		12.376
5		0.00		-1.60		1.248e-02		-42.032		2.879e-03		15.406
5		0.00		-1.20		8.342e-03		-31.236		1.912e-03		15.551
5		0.00		-0.80		4.286e-03		-25.233		1.217e-03		24.860
5		0.00		-0.40		2.094e-03		29.929		9.012e-04		56.581
6		0.00		0.00		5.086e-03		106.383		1.681e-03		37.148
6		0.00		0.40		9.175e-03		118.479		2.023e-03		19.440
6		0.00		0.80		1.263e-02		123.208		3.319e-03		18.009
6		0.00		1.20		1.642e-02		126.808		4.182e-03		13.911
6		0.00		1.60		2.054e-02		126.495		4.360e-03		10.284
6		0.00		2.00		2.450e-02		127.592		4.609e-03		11.214
6		0.00		2.40		2.768e-02		129.798		5.664e-03		9.970
6		0.00		2.80		3.004e-02		126.600		7.499e-03		16.818
6		0.00		3.20		3.267e-02		128.402		8.952e-03		17.831
6		0.00		3.60		3.526e-02		130.747		9.760e-03		8.010
6		0.00		4.00		3.758e-02		128.564		9.265e-03		10.418
6		0.00		4.40		3.880e-02		127.698		9.888e-03		12.473
6		0.00		4.80		4.102e-02		128.868		1.157e-02		16.024
6		0.00		5.20		4.247e-02		125.354		1.340e-02		30.164
6		0.00		5.60		4.580e-02		129.107		1.399e-02		18.919
6		0.00		6.00		4.760e-02		130.285		1.162e-02		10.923
6		0.00		6.40		4.968e-02		129.468		1.186e-02		11.456
6		0.00		6.80		4.948e-02		127.865		1.382e-02		17.698
6		0.00		7.20		5.290e-02		124.017		1.645e-02		26.701
6		0.00		7.60		5.576e-02		128.478		1.696e-02		22.507
6		0.00		8.00		5.814e-02		131.409		1.575e-02		9.404
6		0.00		8.40		5.883e-02		131.584		1.416e-02		12.666
6		0.00		8.80		5.807e-02		127.687		1.617e-02		18.547
6		0.00		9.20		6.247e-02		129.304		1.848e-02		17.261
6		0.00		9.60		6.043e-02		123.082		1.992e-02		28.813
6		0.00		10.00		5.921e-02		128.251		1.842e-02		23.986
6		0.00		9.60		6.166e-02		127.464		1.745e-02		13.990
6		0.00		9.20		6.154e-02		126.504		1.732e-02		16.553
6		0.00		8.80		5.524e-02		124.326		1.503e-02		19.535
6		0.00		8.40		5.550e-02		129.151		1.550e-02		19.433
6		0.00		8.00		5.463e-02		126.833		1.642e-02		25.256
6		0.00		7.60		5.287e-02		127.560		1.668e-02		21.066
6		0.00		7.20		5.013e-02		130.988		1.325e-02		10.290
6		0.00		6.80		4.704e-02		131.526		1.043e-02		9.564
6		0.00		6.40		4.403e-02		129.640		1.029e-02		11.205
6		0.00		6.00		4.121e-02		129.003		1.055e-02		14.985
6		0.00		5.60		3.778e-02		126.352		1.054e-02		24.354
6		0.00		5.20		3.464e-02		129.341		1.025e-02		21.693
6		0.00		4.80		3.166e-02		131.639		8.089e-03		10.651
6		0.00		4.40		2.877e-02		129.977		6.123e-03		11.507
6		0.00		4.00		2.522e-02		129.376		5.813e-03		13.074
6		0.00		3.60		2.199e-02		132.901		4.944e-03		15.739
6		0.00		3.20		1.785e-02		127.045		4.621e-03		26.176
6		0.00		2.80		1.463e-02		132.457		3.716e-03		14.121
6		0.00		2.40		1.006e-02		130.137		2.278e-03		16.918
6		0.00		2.00		6.302e-03		128.184		1.739e-03		16.961
6		0.00		1.60		2.084e-03		57.365		8.297e-04		62.239
6		0.00		1.20		3.082e-03		-41.572		1.242e-03		36.130
6		0.00		0.80		6.832e-03		-45.828		2.120e-03		20.127
6		0.00		0.40		1.107e-02		-49.295		2.668e-03		14.118
6		0.00		0.00		1.534e-02		-49.095		3.170e-03		11.933
6		0.00		-0.40		1.911e-02		-50.751		4.288e-03		12.242
6		0.00		-0.80		2.248e-02		-48.988		5.384e-03		15.144
6		0.00		-1.20		2.591e-02		-49.960		7.273e-03		14.348
6		0.00		-1.60		3.005e-02		-52.293		7.628e-03		9.958
6		0.00		-2.00		3.474e-02		-54.232		7.572e-03		11.048
6		0.00		-2.40		3.833e-02		-54.017		8.696e-03		13.202
6		0.00		-2.80		4.061e-02		-53.072		1.033e-02		15.589
6		0.00		-3.20		4.359e-02		-53.150		1.285e-02		15.228
6		0.00		-3.60		4.659e-02		-53.305		1.295e-02		9.640
6		0.00		-4.00		5.044e-02		-54.545		1.134e-02		8.399
6		0.00		-4.40		5.067e-02		-53.822		1.154e-02		11.836
6		0.00		-4.80		5.402e-02		-54.101		1.587e-02		21.164
6		0.00		-5.20		5.700e-02		-48.364		1.596e-02		14.491
6		0.00		-5.60		6.020e-02		-50.531		1.416e-02		11.712
6		0.00		-6.00		6.100e-02		-49.114		1.489e-02		15.690
6		0.00		-6.40		6.087e-02		-52.386		1.695e-02		19.973
6		0.00		-6.80		6.260e-02		-46.251		1.733e-02		20.205
6		0.00		-7.20		6.289e-02		-48.707		1.769e-02		15.855
6		0.00		-7.60		6.924e-02		-50.624		1.809e-02		14.151
6		0.00		-8.00		6.485e-02		-54.202		1.849e-02		21.980
6		0.00		-8.40		6.702e-02		-45.304		1.922e-02		16.913
6		0.00		-8.80		6.439e-02		-47.005		1.937e-02		27.905
6		0.00		-9.20		6.195e-02		-44.510		1.983e-02		15.755
6		0.00		-9.60		5.692e-02		-49.002		1.814e-02		14.778
6		0.00		-10.00		4.738e-02		-46.811		1.340e-02		16.260
6		0.00		-9.60		5.283e-02		-47.133		1.818e-02		22.429
6		0.00		-9.20		5.777e-02		-38.467		1.989e-02		28.753
6		0.00		-8.80		6.265e-02		-47.955		1.918e-02		11.697
6		0.00		-8.40		6.316e-02		-47.626		1.697e-02		13.428
6		0.00		-8.00		6.071e-02		-47.230		1.616e-02		15.452
6		0.00		-7.60		6.110e-02		-48.024		1.773e-02		18.102
6		0.00		-7.20		5.788e-02		-45.618		1.669e-02		14.824
6		0.00		-6.80		5.756e-02		-47.565		1.385e-02		10.932
6		0.00		-6.40		5.330e-02		-51.746		1.193e-02		14.737
6		0.00		-6.00		5.364e-02		-49.282		1.274e-02		14.560
6		0.00		-5.60		5.132e-02		-46.580		1.330e-02		16.127
6		0.00		-5.20		4.811e-02		-48.780		1.168e-02		9.533
6		0.00		-4.80		4.482e-02		-51.665		8.499e-03		9.007
6		0.00		-4.40		4.042e-02		-51.866		8.097e-03		9.760
6		0.00		-4.00		3.595e-02		-50.268		7.823e-03		11.205
6		0.00		-3.60		3.169e-02		-49.359		7.791e-03		12.277
6		0.00		-3.20		2.864e-02		-49.098		6.337e-03		9.686
6		0.00		-2.80		2.577e-02		-50.181		4.687e-03		10.209
6		0.00		-2.40		2.114e-02		-50.590		4.202e-03		10.777
6		0.00		-2.00		1.708e-02		-46.264		3.386e-03		12.981
6		0.00		-1.60		1.271e-02		-48.200		3.298e-03		15.151
6		0.00		-1.20		8.261e-03		-43.581		2.144e-03		13.906
6		0.00		-0.80		4.045e-03		-24.405		1.125e-03		24.112
6		0.00		-0.40		1.771e-03		28.276		7.374e-04		59.294
7		0.00		0.00		4.682e-03		110.196		1.583e-03		29.240
7		0.00		0.40		8.450e-03		117.567		2.553e-03		18.332
7		0.00		0.80		1.236e-02		125.341		3.178e-03		11.151
7		0.00		1.20		1.612e-02		124.602		3.607e-03		13.273
7		0.00		1.60		1.966e-02		126.253		4.791e-03		12.738
7		0.00		2.00		2.310e-02		125.459		5.918e-03		18.997
7		0.00		2.40		2.614e-02		131.626		7.028e-03		11.594
7		0.00		2.80		2.982e-02		129.226		6.892e-03		10.426
7		0.00		3.20		3.300e-02		128.637		6.578e-03		10.318
7		0.00		3.60		3.506e-02		130.548		7.734e-03		11.467
7		0.00		4.00		3.727e-02		128.368		9.615e-03		19.015
7		0.00		4.40		4.015e-02		130.966		1.088e-02		10.457
7		0.00		4.80		4.303e-02		129.423		9.929e-03		7.914
7		0.00		5.20		4.377e-02		130.099		9.552e-03		11.357
7		0.00		5.60		4.669e-02		129.150		1.175e-02		16.090
7		0.00		6.00		4.929e-02		126.756		1.396e-02		28.347
7		0.00		6.40		5.176e-02		132.002		1.433e-02		11.314
7		0.00		6.80		5.358e-02		130.982		1.271e-02		12.292
7		0.00		7.20		5.328e-02		128.568		1.293e-02		15.052
7		0.00		7.60		5.460e-02		128.298		1.522e-02		17.535
7		0.00		8.00		5.765e-02		128.016		1.829e-02		23.145
7		0.00		8.40		5.905e-02		131.289		1.859e-02		11.726
7		0.00		8.80		6.189e-02		130.188		1.713e-02		10.872
7		0.00		9.20		5.786e-02		128.088		1.511e-02		21.501
7		0.00		9.60		5.930e-02		125.649		2.056e-02		21.626
7		0.00		10.00		5.807e-02		123.638		2.053e-02		31.354
7		0.00		9.60		5.817e-02		130.110		1.844e-02		19.396
7		0.00		9.20		6.120e-02		129.911		1.634e-02		10.477
7		0.00		8.80		5.419e-02		122.927		1.673e-02		21.512
7		0.00		8.40		5.493e-02		128.528		1.481e-02		18.118
7		0.00		8.00		5.426e-02		128.795		1.576e-02		20.478
7		0.00		7.60		5.273e-02		130.823		1.544e-02		20.021
7		0.00		7.20		5.087e-02		132.237		1.255e-02		9.514
7		0.00		6.80		4.798e-02		130.497		1.042e-02		9.445
7		0.00		6.40		4.313e-02		129.430		1.030e-02		13.285
7		0.00		6.00		4.147e-02		129.854		1.040e-02		16.452
7		0.00		5.60		3.896e-02		129.589		1.044e-02		21.929
7		0.00		5.20		3.588e-02		132.095		8.995e-03		9.559
7		0.00		4.80		3.267e-02		130.593		6.939e-03		11.039
7		0.00		4.40		2.770e-02		130.316		5.884e-03		12.127
7		0.00		4.00		2.464e-02		131.534		5.967e-03		13.150
7		0.00		3.60		2.084e-02		128.355		5.752e-03		23.294
7		0.00		3.20		1.707e-02		130.149		4.964e-03		19.606
7		0.00		2.80		1.397e-02		130.501		3.397e-03		12.920
7		0.00		2.40		1.047e-02		129.203		2.321e-03		13.593
7		0.00		2.00		6.071e-03		122.947		1.687e-03		20.712
7		0.00		1.60		2.342e-03		66.616		1.065e-03		75.703
7		0.00		1.20		2.721e-03		-62.585		1.105e-03		46.835
7		0.00		0.80		6.849e-03		-47.393		2.058e-03		19.176
7		0.00		0.40		1.102e-02		-48.013		2.480e-03		15.446
7		0.00		0.00		1.492e-02		-48.806		3.138e-03		14.512
7		0.00		-0.40		1.929e-02		-50.608		4.292e-03		15.618
7		0.00		-0.80		2.240e-02		-49.537		5.758e-03		11.335
7		0.00		-1.20		2.643e-02		-48.463		5.669e-03		9.857
7		0.00		-1.60		3.162e-02		-51.554		5.878e-03		10.942
7		0.00		-2.00		3.436e-02		-51.616		7.075e-03		11.541
7		0.00		-2.40		3.700e-02		-52.097		9.296e-03		14.799
7		0.00		-2.80		4.130e-02		-50.683		1.079e-02		9.646
7		0.00		-3.20		4.515e-02		-52.702		1.037e-02		9.337
7		0.00		-3.60		4.940e-02		-54.373		1.002e-02		9.476
7		0.00		-4.00		4.984e-02		-53.596		1.138e-02		12.921
7		0.00		-4.40		5.393e-02		-51.501		1.437e-02		13.184
7		0.00		-4.80		5.469e-02		-50.304		1.578e-02		14.390
7		0.00		-5.20		5.897e-02		-51.794		1.474e-02		12.281
7		0.00		-5.60		5.872e-02		-49.898		1.401e-02		15.442
7		0.00		-6.00		5.956e-02		-50.089		1.608e-02		17.713
7		0.00		-6.40		6.166e-02		-44.955		1.836e-02		18.720
7		0.00		-6.80		6.223e-02		-48.826		2.002e-02		15.076
7		0.00		-7.20		6.762e-02		-50.542		1.920e-02		13.470
7		0.00		-7.60		6.253e-02		-52.329		1.780e-02		19.194
7		0.00		-8.00		6.725e-02		-48.308		1.929e-02		15.799
7		0.00		-8.40		6.403e-02		-42.170		1.980e-02		24.617
7		0.00		-8.80		6.420e-02		-45.038		1.816e-02		16.014
7		0.00		-9.20		6.231e-02		-47.098		1.736e-02		14.390
7		0.00		-9.60		5.522e-02		-47.292		1.647e-02		15.725
7		0.00		-10.00		4.943e-02		-48.079		1.530e-02		19.935
7		0.00		-9.60		5.706e-02		-40.082		1.813e-02		21.044
7		0.00		-9.20		6.137e-02		-45.073		1.849e-02		12.330
7		0.00		-8.80		6.395e-02		-46.872		1.793e-02		15.502
7		0.00		-8.40		6.075e-02		-47.804		1.417e-02		14.668
7		0.00		-8.00		6.320e-02		-47.204		1.802e-02		18.278
7		0.00		-7.60		6.321e-02		-44.908		1.913e-02		18.533
7		0.00		-7.20		6.291e-02		-50.047		1.587e-02		11.755
7		0.00		-6.80		5.902e-02		-48.828		1.501e-02		13.296
7		0.00		-6.40		5.434e-02		-51.237		1.493e-02		16.591
7		0.00		-6.00		5.314e-02		-49.170		1.633e-02		19.369
7		0.00		-5.60		5.076e-02		-48.882		1.570e-02		10.810
7		0.00		-5.20		4.837e-02		-49.813		1.199e-02		8.000
7		0.00		-4.80		4.369e-02		-52.588		9.949e-03		10.211
7		0.00		-4.40		4.040e-02		-52.280		9.583e-03		11.435
7		0.00		-4.00		3.557e-02		-51.495		9.515e-03		15.647
7		0.00		-3.60		3.199e-02		-50.114		8.726e-03		10.211
7		0.00		-3.20		2.868e-02		-51.355		6.155e-03		9.921
7		0.00		-2.80		2.470e-02		-50.579		4.833e-03		11.603
7		0.00		-2.40		2.082e-02		-48.179		4.272e-03		10.605
7		0.00		-2.00		1.676e-02		-45.103		3.793e-03		12.946
7		0.00		-1.60		1.277e-02		-44.974		3.143e-03		11.274
7		0.00		-1.20		8.875e-03		-43.456		1.804e-03		12.694
7		0.00		-0.80		4.786e-03		-35.421		1.452e-03		23.600
7		0.00		-0.40		1.941e-03		27.627		8.423e-04		59.740
8		0.00		0.00		4.306e-03		106.881		1.632e-03		28.336
8		0.00		0.40		8.379e-03		118.772		2.391e-03		19.479
8		0.00		0.80		1.240e-02		123.388		3.130e-03		9.338
8		0.00		1.20		1.647e-02		125.259		3.486e-03		11.126
8		0.00		1.60		1.968e-02		129.243		4.176e-03		10.684
8		0.00		2.00		2.375e-02		127.549		5.411e-03		16.619
8		0.00		2.40		2.593e-02		126.160		7.233e-03		19.090
8		0.00		2.80		2.893e-02		129.835		7.321e-03		11.053
8		0.00		3.20		3.315e-02		128.315		6.965e-03		9.673
8		0.00		3.60		3.508e-02		129.097		7.732e-03		10.365
8		0.00		4.00		3.701e-02		128.589		9.519e-03		15.971
8		0.00		4.40		3.899e-02		127.367		1.165e-02		21.304
8		0.00		4.80		4.187e-02		130.468		1.179e-02		8.296
8		0.00		5.20		4.447e-02		129.917		1.067e-02		8.717
8		0.00		5.60		4.466e-02		129.756		1.028e-02		11.002
8		0.00		6.00		4.723e-02		127.747		1.296e-02		17.053
8		0.00		6.40		5.006e-02		129.155		1.437e-02		23.021
8		0.00		6.80		5.419e-02		132.325		1.465e-02		9.280
8		0.00		7.20		5.541e-02		131.858		1.258e-02		9.634
8		0.00		7.60		5.315e-02		129.981		1.268e-02		14.775
8		0.00		8.00		5.558e-02		130.124		1.548e-02		19.400
8		0.00		8.40		5.913e-02		128.027		1.846e-02		26.032
8		0.00		8.80		6.017e-02		129.134		1.707e-02		17.656
8		0.00		9.20		6.122e-02		125.525		1.535e-02		20.830
8		0.00		9.60		6.033e-02		126.013		1.906e-02		18.160
8		0.00		10.00		5.661e-02		127.629		1.813e-02		20.222
8		0.00		9.60		6.138e-02		123.668		2.038e-02		34.620
8		0.00		9.20		5.989e-02		128.546		1.750e-02		21.357
8		0.00		8.80		5.906e-02		130.734		1.507e-02		11.871
8		0.00		8.40		5.378e-02		130.282		1.432e-02		15.735
8		0.00		8.00		5.181e-02		128.295		1.593e-02		20.290
8		0.00		7.60		5.005e-02		125.990		1.665e-02		28.645
8		0.00		7.20		4.843e-02		128.840		1.601e-02		20.363
8		0.00		6.80		4.564e-02		130.190		1.159e-02		10.789
8		0.00		6.40		4.126e-02		127.271		1.085e-02		15.874
8		0.00		6.00		3.961e-02		130.399		1.016e-02		13.473
8		0.00		5.60		3.638e-02		126.736		1.054e-02		24.748
8		0.00		5.20		3.388e-02		128.395		9.942e-03		23.138
8		0.00		4.80		3.136e-02		131.663		7.819e-03		10.498
8		0.00		4.40		2.828e-02		130.521		5.858e-03		11.657
8		0.00		4.00		2.449e-02		130.524		5.262e-03		12.421
8		0.00		3.60		2.071e-02		129.186		4.771e-03		16.910
8		0.00		3.20		1.724e-02		129.655		4.349e-03		23.008
8		0.00		2.80		1.357e-02		129.676		3.149e-03		13.585
8		0.00		2.40		9.873e-03		128.641		2.033e-03		12.712
8		0.00		2.00		5.890e-03		127.783		1.479e-03		18.437
8		0.00		1.60		2.175e-03		61.165		7.720e-04		69.203
8		0.00		1.20		3.057e-03		-47.113		1.232e-03		27.719
8		0.00		0.80		7.018e-03		-53.357		1.982e-03		19.084
8		0.00		0.40		1.104e-02		-50.279		2.735e-03		12.592
8		0.00		0.00		1.558e-02		-48.552		3.162e-03		11.936
8		0.00		-0.40		1.978e-02		-50.398		3.983e-03		10.623
8		0.00		-0.80		2.371e-02		-51.123		4.969e-03		12.422
8		0.00		-1.20		2.740e-02		-49.990		6.623e-03		11.892
8		0.00		-1.60		3.025e-02		-50.099		7.922e-03		12.322
8		0.00		-2.00		3.458e-02		-50.902		8.233e-03		10.619
8		0.00		-2.40		3.916e-02		-52.298		7.589e-03		8.982
8		0.00		-2.80		4.238e-02		-52.922		8.921e-03		10.667
8		0.00		-3.20		4.504e-02		-52.144		1.009e-02		10.771
8		0.00		-3.60		4.695e-02		-50.478		1.281e-02		9.184
8		0.00		-4.00		5.090e-02		-51.576		1.406e-02		10.139
8		0.00		-4.40		5.476e-02		-51.995		1.313e-02		8.802
8		0.00		-4.80		5.757e-02		-51.395		1.229e-02		8.256
8		0.00		-5.20		5.645e-02		-51.623		1.294e-02		12.537
8		0.00		-5.60		5.838e-02		-51.254		1.521e-02		18.243
8		0.00		-6.00		6.227e-02		-47.113		1.669e-02		14.192
8		0.00		-6.40		6.340e-02		-45.191		1.747e-02		17.887
8		0.00		-6.80		6.461e-02		-46.380		1.697e-02		16.643
8		0.00		-7.20		6.846e-02		-46.548		1.764e-02		16.692
8		0.00		-7.60		6.976e-02		-51.953		1.876e-02		19.636
8		0.00		-8.00		6.592e-02		-47.568		1.784e-02		19.814
8		0.00		-8.40		6.893e-02		-47.324		2.053e-02		19.226
8		0.00		-8.80		6.183e-02		-47.702		2.133e-02		25.955
8		0.00		-9.20		5.963e-02		-40.759		2.176e-02		30.330
8		0.00		-9.60		5.601e-02		-41.983		1.829e-02		20.939
8		0.00		-10.00		5.091e-02		-45.526		1.527e-02		10.719
8		0.00		-9.60		5.374e-02		-52.674		1.639e-02		15.188
8		0.00		-9.20		5.540e-02		-51.176		1.945e-02		20.791
8		0.00		-8.80		5.911e-02		-46.026		1.770e-02		17.793
8		0.00		-8.40		6.089e-02		-47.936		1.938e-02		18.724
8		0.00		-8.00		6.190e-02		-46.578		1.816e-02		18.098
8		0.00		-7.60		6.270e-02		-47.681		1.748e-02		12.886
8		0.00		-7.20		6.321e-02		-49.681		1.678e-02		9.757
8		0.00		-6.80		6.061e-02		-48.710		1.354e-02		9.122
8		0.00		-6.40		5.788e-02		-47.858		1.129e-02		8.310
8		0.00		-6.00		5.295e-02		-50.817		1.170e-02		12.538
8		0.00		-5.60		5.185e-02		-48.611		1.100e-02		11.113
8		0.00		-5.20		4.924e-02		-49.632		1.154e-02		12.505
8		0.00		-4.80		4.537e-02		-51.244		1.121e-02		17.173
8		0.00		-4.40		4.176e-02		-50.110		1.023e-02		12.297
8		0.00		-4.00		3.841e-02		-50.251		8.615e-03		8.122
8		0.00		-3.60		3.480e-02		-50.081		6.810e-03		9.347
8		0.00		-3.20		3.101e-02		-49.144		5.489e-03		9.211
8		0.00		-2.80		2.670e-02		-49.910		4.694e-03		10.480
8		0.00		-2.40		2.265e-02		-49.142		3.611e-03		9.184
8		0.00		-2.00		1.827e-02		-44.764		3.324e-03		12.405
8		0.00		-1.60		1.369e-02		-45.454		2.622e-03		12.430
8		0.00		-1.20		8.963e-03		-41.312		2.002e-03		18.136
8		0.00		-0.80		4.653e-03		-31.749		1.401e-03		28.727
8		0.00		-0.40		1.874e-03		-2.471		8.616e-04		64.986
