# Date of analysis: 2023-11-20 16;16
# 
# Loop index	Read Volt (V)	Write Volt (V)	Amplitude (a.u)	Phase (deg)	Sigma Amp (a.u)	Sigma Pha (deg)	
1		0.00		0.00		1.590e-02		-47.911		3.852e-03		14.935
1		0.00		0.40		1.140e-02		-49.027		2.876e-03		11.851
1		0.00		0.80		6.533e-03		-51.831		1.754e-03		14.708
1		0.00		1.20		2.187e-03		-29.291		8.368e-04		43.519
1		0.00		1.60		3.876e-03		106.372		1.300e-03		33.956
1		0.00		2.00		8.165e-03		129.676		1.762e-03		12.276
1		0.00		2.40		1.291e-02		130.693		3.126e-03		9.747
1		0.00		2.80		1.730e-02		127.578		4.720e-03		14.131
1		0.00		3.20		2.141e-02		128.056		6.198e-03		14.748
1		0.00		3.60		2.572e-02		129.660		7.542e-03		11.175
1		0.00		4.00		2.952e-02		129.461		7.602e-03		8.052
1		0.00		4.40		3.380e-02		131.800		7.799e-03		6.923
1		0.00		4.80		3.718e-02		131.420		8.351e-03		5.836
1		0.00		5.20		4.011e-02		130.915		1.002e-02		8.319
1		0.00		5.60		4.277e-02		129.921		1.236e-02		10.721
1		0.00		6.00		4.503e-02		130.696		1.342e-02		12.333
1		0.00		6.40		4.874e-02		129.360		1.380e-02		12.862
1		0.00		6.80		5.217e-02		130.157		1.390e-02		10.176
1		0.00		7.20		5.312e-02		132.968		1.339e-02		8.234
1		0.00		7.60		5.496e-02		134.625		1.279e-02		8.979
1		0.00		8.00		5.727e-02		132.717		1.551e-02		13.624
1		0.00		8.40		5.754e-02		132.348		1.654e-02		18.662
1		0.00		8.80		5.808e-02		124.223		1.875e-02		39.942
1		0.00		9.20		5.669e-02		129.028		1.801e-02		23.771
1		0.00		9.60		5.749e-02		126.951		1.829e-02		28.637
1		0.00		10.00		5.753e-02		131.923		1.883e-02		20.892
1		0.00		9.60		5.987e-02		134.686		1.805e-02		13.369
1		0.00		9.20		5.885e-02		131.580		1.801e-02		18.112
1		0.00		8.80		5.667e-02		131.635		1.705e-02		13.251
1		0.00		8.40		5.226e-02		131.081		1.677e-02		24.573
1		0.00		8.00		5.160e-02		132.144		1.779e-02		10.650
1		0.00		7.60		4.900e-02		127.464		1.607e-02		17.053
1		0.00		7.20		4.617e-02		128.105		1.463e-02		14.561
1		0.00		6.80		4.387e-02		131.375		1.296e-02		7.646
1		0.00		6.40		4.128e-02		132.022		1.069e-02		7.621
1		0.00		6.00		3.746e-02		131.414		9.537e-03		6.495
1		0.00		5.60		3.384e-02		131.553		8.912e-03		8.597
1		0.00		5.20		3.005e-02		130.801		8.331e-03		9.060
1		0.00		4.80		2.700e-02		130.601		7.333e-03		15.868
1		0.00		4.40		2.326e-02		128.773		6.510e-03		14.000
1		0.00		4.00		1.873e-02		130.161		4.703e-03		7.921
1		0.00		3.60		1.455e-02		131.257		3.181e-03		9.831
1		0.00		3.20		1.027e-02		133.907		2.418e-03		12.613
1		0.00		2.80		5.645e-03		127.700		1.592e-03		17.823
1		0.00		2.40		2.009e-03		25.928		7.544e-04		72.228
1		0.00		2.00		4.694e-03		-46.014		1.635e-03		19.301
1		0.00		1.60		8.856e-03		-50.367		2.466e-03		18.261
1		0.00		1.20		1.331e-02		-50.833		3.421e-03		10.510
1		0.00		0.80		1.777e-02		-50.338		4.182e-03		8.569
1		0.00		0.40		2.231e-02		-52.699		4.948e-03		8.255
1		0.00		0.00		2.623e-02		-51.110		6.195e-03		8.747
1		0.00		-0.40		3.086e-02		-49.743		8.040e-03		9.490
1		0.00		-0.80		3.546e-02		-52.837		1.000e-02		12.460
1		0.00		-1.20		3.926e-02		-53.407		1.150e-02		9.515
1		0.00		-1.60		4.488e-02		-52.340		1.118e-02		7.052
1		0.00		-2.00		4.862e-02		-51.203		1.055e-02		5.619
1		0.00		-2.40		5.031e-02		-53.159		1.254e-02		10.357
1		0.00		-2.80		5.437e-02		-54.803		1.608e-02		13.837
1		0.00		-3.20		5.653e-02		-50.902		1.662e-02		20.928
1		0.00		-3.60		5.704e-02		-50.896		1.529e-02		11.616
1		0.00		-4.00		6.004e-02		-48.461		1.356e-02		8.924
1		0.00		-4.40		6.210e-02		-50.121		1.512e-02		15.535
1		0.00		-4.80		6.252e-02		-45.228		1.654e-02		18.124
1		0.00		-5.20		5.959e-02		-45.881		1.966e-02		25.389
1		0.00		-5.60		5.982e-02		-45.460		1.769e-02		23.535
1		0.00		-6.00		6.376e-02		-43.481		1.995e-02		19.427
1		0.00		-6.40		6.191e-02		-46.131		1.830e-02		25.066
1		0.00		-6.80		6.745e-02		-52.091		2.012e-02		24.536
1		0.00		-7.20		6.498e-02		-47.117		1.929e-02		28.036
1		0.00		-7.60		6.494e-02		-45.150		2.299e-02		29.465
1		0.00		-8.00		5.905e-02		-40.689		2.309e-02		31.327
1		0.00		-8.40		6.342e-02		-38.696		2.236e-02		25.995
1		0.00		-8.80		6.123e-02		-36.270		1.996e-02		22.343
1		0.00		-9.20		6.218e-02		-35.750		1.993e-02		18.508
1		0.00		-9.60		5.932e-02		-38.362		1.948e-02		13.130
1		0.00		-10.00		5.203e-02		-41.998		1.846e-02		18.254
1		0.00		-9.60		5.398e-02		-39.315		2.015e-02		26.030
1		0.00		-9.20		5.732e-02		-38.686		1.954e-02		30.014
1		0.00		-8.80		6.162e-02		-38.933		1.798e-02		13.990
1		0.00		-8.40		6.407e-02		-38.962		1.580e-02		14.598
1		0.00		-8.00		6.704e-02		-42.121		1.759e-02		15.348
1		0.00		-7.60		6.676e-02		-44.447		1.844e-02		14.513
1		0.00		-7.20		5.948e-02		-40.282		1.770e-02		19.047
1		0.00		-6.80		5.959e-02		-45.789		1.641e-02		15.704
1		0.00		-6.40		6.159e-02		-47.866		1.507e-02		7.342
1		0.00		-6.00		5.906e-02		-47.818		1.215e-02		6.942
1		0.00		-5.60		5.493e-02		-50.828		1.360e-02		12.939
1		0.00		-5.20		5.214e-02		-50.703		1.273e-02		10.480
1		0.00		-4.80		4.899e-02		-51.863		1.262e-02		13.380
1		0.00		-4.40		4.469e-02		-53.514		1.097e-02		9.197
1		0.00		-4.00		4.077e-02		-52.713		8.484e-03		6.208
1		0.00		-3.60		3.659e-02		-51.532		7.161e-03		6.850
1		0.00		-3.20		3.187e-02		-49.159		6.884e-03		6.929
1		0.00		-2.80		2.740e-02		-50.956		6.725e-03		8.954
1		0.00		-2.40		2.327e-02		-51.595		6.397e-03		11.688
1		0.00		-2.00		1.886e-02		-49.373		4.495e-03		8.297
1		0.00		-1.60		1.430e-02		-45.347		2.844e-03		9.986
1		0.00		-1.20		9.480e-03		-44.282		2.055e-03		11.859
1		0.00		-0.80		5.279e-03		-40.297		1.528e-03		18.991
1		0.00		-0.40		1.724e-03		9.130		6.731e-04		58.955
2		0.00		0.00		4.396e-03		114.263		1.717e-03		21.980
2		0.00		0.40		8.668e-03		120.133		2.033e-03		13.811
2		0.00		0.80		1.380e-02		127.726		2.687e-03		10.533
2		0.00		1.20		1.769e-02		128.675		3.703e-03		7.587
2		0.00		1.60		2.165e-02		130.024		4.749e-03		10.288
2		0.00		2.00		2.561e-02		127.687		6.290e-03		13.236
2		0.00		2.40		3.017e-02		128.635		6.985e-03		7.394
2		0.00		2.80		3.431e-02		129.061		6.774e-03		5.860
2		0.00		3.20		3.790e-02		131.002		7.394e-03		4.731
2		0.00		3.60		4.054e-02		130.667		9.480e-03		7.881
2		0.00		4.00		4.379e-02		129.819		1.106e-02		11.791
2		0.00		4.40		4.643e-02		130.610		1.199e-02		7.473
2		0.00		4.80		4.933e-02		132.459		1.150e-02		5.356
2		0.00		5.20		5.093e-02		132.146		1.183e-02		7.200
2		0.00		5.60		5.240e-02		129.370		1.504e-02		13.358
2		0.00		6.00		5.388e-02		128.107		1.692e-02		25.726
2		0.00		6.40		5.702e-02		129.701		1.683e-02		14.290
2		0.00		6.80		5.926e-02		134.357		1.481e-02		8.008
2		0.00		7.20		5.774e-02		132.957		1.476e-02		17.857
2		0.00		7.60		5.728e-02		131.202		1.683e-02		23.655
2		0.00		8.00		5.929e-02		131.481		1.902e-02		34.955
2		0.00		8.40		6.251e-02		130.476		1.850e-02		23.889
2		0.00		8.80		6.390e-02		128.506		1.786e-02		30.301
2		0.00		9.20		6.267e-02		123.161		1.868e-02		37.043
2		0.00		9.60		6.132e-02		122.120		2.027e-02		38.247
2		0.00		10.00		6.053e-02		128.332		2.031e-02		33.547
2		0.00		9.60		5.971e-02		129.902		1.765e-02		33.593
2		0.00		9.20		6.165e-02		131.799		1.496e-02		22.439
2		0.00		8.80		6.033e-02		123.926		1.501e-02		47.782
2		0.00		8.40		5.841e-02		134.733		1.504e-02		26.317
2		0.00		8.00		5.708e-02		130.847		1.628e-02		28.486
2		0.00		7.60		5.761e-02		129.999		1.596e-02		16.514
2		0.00		7.20		5.689e-02		132.725		1.351e-02		7.092
2		0.00		6.80		5.149e-02		134.110		1.095e-02		6.656
2		0.00		6.40		4.906e-02		130.622		1.266e-02		10.304
2		0.00		6.00		4.527e-02		129.980		1.279e-02		14.279
2		0.00		5.60		4.201e-02		130.301		1.163e-02		12.869
2		0.00		5.20		3.855e-02		131.677		9.076e-03		6.795
2		0.00		4.80		3.442e-02		132.594		6.700e-03		5.484
2		0.00		4.40		3.056e-02		131.897		6.723e-03		8.024
2		0.00		4.00		2.622e-02		131.813		6.785e-03		11.261
2		0.00		3.60		2.165e-02		131.109		5.735e-03		13.322
2		0.00		3.20		1.753e-02		133.436		4.144e-03		9.392
2		0.00		2.80		1.322e-02		129.538		2.626e-03		9.293
2		0.00		2.40		8.465e-03		129.439		2.023e-03		12.172
2		0.00		2.00		3.568e-03		123.454		1.212e-03		23.494
2		0.00		1.60		2.120e-03		-45.965		1.021e-03		46.528
2		0.00		1.20		6.536e-03		-58.154		1.753e-03		17.434
2		0.00		0.80		1.143e-02		-48.844		2.110e-03		11.591
2		0.00		0.40		1.613e-02		-49.895		3.250e-03		9.098
2		0.00		0.00		2.104e-02		-47.916		4.507e-03		9.237
2		0.00		-0.40		2.546e-02		-49.403		6.196e-03		9.922
2		0.00		-0.80		3.042e-02		-49.450		6.888e-03		8.139
2		0.00		-1.20		3.588e-02		-52.423		6.729e-03		6.336
2		0.00		-1.60		4.025e-02		-51.338		7.231e-03		5.488
2		0.00		-2.00		4.343e-02		-51.161		9.681e-03		6.985
2		0.00		-2.40		4.577e-02		-53.259		1.215e-02		10.050
2		0.00		-2.80		5.036e-02		-53.399		1.393e-02		8.116
2		0.00		-3.20		5.356e-02		-53.350		1.259e-02		7.987
2		0.00		-3.60		5.658e-02		-53.208		1.354e-02		9.998
2		0.00		-4.00		5.938e-02		-53.759		1.565e-02		11.414
2		0.00		-4.40		5.842e-02		-50.763		1.792e-02		14.616
2		0.00		-4.80		6.218e-02		-51.214		1.853e-02		10.487
2		0.00		-5.20		6.258e-02		-44.289		1.520e-02		13.109
2		0.00		-5.60		6.321e-02		-47.929		1.748e-02		18.659
2		0.00		-6.00		6.131e-02		-46.863		1.879e-02		17.973
2		0.00		-6.40		6.364e-02		-40.774		2.028e-02		14.439
2		0.00		-6.80		6.338e-02		-40.234		1.816e-02		19.906
2		0.00		-7.20		6.699e-02		-41.067		1.693e-02		21.750
2		0.00		-7.60		6.650e-02		-45.230		1.976e-02		26.011
2		0.00		-8.00		6.924e-02		-42.992		1.983e-02		26.355
2		0.00		-8.40		6.189e-02		-38.862		1.854e-02		24.864
2		0.00		-8.80		6.601e-02		-38.369		1.940e-02		21.570
2		0.00		-9.20		6.599e-02		-38.057		1.772e-02		17.102
2		0.00		-9.60		6.188e-02		-39.615		1.799e-02		11.663
2		0.00		-10.00		5.546e-02		-42.608		1.658e-02		12.773
2		0.00		-9.60		5.855e-02		-43.699		1.684e-02		18.347
2		0.00		-9.20		6.127e-02		-39.347		1.668e-02		11.120
2		0.00		-8.80		6.468e-02		-38.591		1.827e-02		15.070
2		0.00		-8.40		5.993e-02		-42.449		1.851e-02		21.472
2		0.00		-8.00		5.791e-02		-38.981		1.767e-02		19.455
2		0.00		-7.60		6.294e-02		-44.263		1.641e-02		10.831
2		0.00		-7.20		6.286e-02		-46.561		1.354e-02		10.949
2		0.00		-6.80		6.200e-02		-46.937		1.666e-02		13.113
2		0.00		-6.40		5.905e-02		-49.123		1.702e-02		13.113
2		0.00		-6.00		5.587e-02		-48.262		1.650e-02		12.103
2		0.00		-5.60		5.487e-02		-48.776		1.333e-02		7.535
2		0.00		-5.20		5.107e-02		-49.881		1.015e-02		5.174
2		0.00		-4.80		4.628e-02		-51.279		1.143e-02		9.987
2		0.00		-4.40		4.201e-02		-53.032		1.048e-02		13.093
2		0.00		-4.00		3.875e-02		-52.492		8.002e-03		6.445
2		0.00		-3.60		3.490e-02		-51.163		5.993e-03		7.106
2		0.00		-3.20		3.012e-02		-50.062		6.028e-03		7.636
2		0.00		-2.80		2.575e-02		-48.988		6.236e-03		10.589
2		0.00		-2.40		2.141e-02		-49.522		4.836e-03		8.722
2		0.00		-2.00		1.734e-02		-44.844		2.981e-03		7.252
2		0.00		-1.60		1.299e-02		-44.632		2.443e-03		9.555
2		0.00		-1.20		7.733e-03		-40.277		2.020e-03		17.887
2		0.00		-0.80		3.761e-03		-30.069		1.211e-03		24.854
2		0.00		-0.40		2.018e-03		62.464		8.008e-04		55.331
3		0.00		0.00		6.106e-03		118.249		1.472e-03		14.275
3		0.00		0.40		9.981e-03		131.145		2.447e-03		14.958
3		0.00		0.80		1.420e-02		125.686		3.512e-03		12.741
3		0.00		1.20		1.824e-02		126.543		4.297e-03		7.431
3		0.00		1.60		2.279e-02		128.882		4.618e-03		6.339
3		0.00		2.00		2.685e-02		130.026		5.649e-03		7.867
3		0.00		2.40		2.934e-02		129.058		7.635e-03		12.412
3		0.00		2.80		3.331e-02		129.008		8.788e-03		11.867
3		0.00		3.20		3.818e-02		129.885		8.538e-03		6.625
3		0.00		3.60		4.093e-02		130.911		8.170e-03		5.625
3		0.00		4.00		4.386e-02		131.744		9.777e-03		6.578
3		0.00		4.40		4.621e-02		129.832		1.223e-02		12.589
3		0.00		4.80		4.847e-02		130.230		1.259e-02		9.297
3		0.00		5.20		5.367e-02		132.001		1.102e-02		5.296
3		0.00		5.60		5.481e-02		132.101		1.133e-02		7.377
3		0.00		6.00		5.638e-02		132.725		1.416e-02		8.865
3		0.00		6.40		5.840e-02		129.631		1.626e-02		17.807
3		0.00		6.80		5.991e-02		133.303		1.486e-02		7.821
3		0.00		7.20		6.158e-02		133.510		1.350e-02		19.049
3		0.00		7.60		6.624e-02		133.514		1.540e-02		13.064
3		0.00		8.00		6.186e-02		129.933		1.930e-02		36.280
3		0.00		8.40		6.283e-02		134.557		1.750e-02		20.865
3		0.00		8.80		6.298e-02		129.248		1.764e-02		27.808
3		0.00		9.20		6.733e-02		129.184		1.786e-02		36.333
3		0.00		9.60		6.802e-02		130.075		1.968e-02		26.507
3		0.00		10.00		6.066e-02		128.438		1.912e-02		44.656
3		0.00		9.60		6.001e-02		123.182		2.085e-02		43.583
3		0.00		9.20		6.218e-02		127.770		1.904e-02		27.571
3		0.00		8.80		6.169e-02		136.342		1.650e-02		12.185
3		0.00		8.40		6.142e-02		135.482		1.441e-02		15.131
3		0.00		8.00		6.001e-02		132.572		1.607e-02		14.783
3		0.00		7.60		5.623e-02		128.472		1.685e-02		26.210
3		0.00		7.20		5.529e-02		130.704		1.663e-02		16.471
3		0.00		6.80		5.350e-02		131.617		1.404e-02		9.484
3		0.00		6.40		5.039e-02		133.517		1.080e-02		6.693
3		0.00		6.00		4.712e-02		132.832		9.516e-03		5.164
3		0.00		5.60		4.435e-02		132.038		1.017e-02		7.645
3		0.00		5.20		3.999e-02		131.489		9.677e-03		10.769
3		0.00		4.80		3.604e-02		130.416		9.097e-03		10.018
3		0.00		4.40		3.235e-02		132.372		7.101e-03		6.259
3		0.00		4.00		2.844e-02		133.319		5.352e-03		6.021
3		0.00		3.60		2.390e-02		132.497		4.734e-03		7.554
3		0.00		3.20		1.908e-02		131.567		4.289e-03		11.987
3		0.00		2.80		1.458e-02		132.799		3.424e-03		14.366
3		0.00		2.40		9.399e-03		131.589		2.388e-03		12.104
3		0.00		2.00		4.739e-03		122.050		1.343e-03		23.591
3		0.00		1.60		1.709e-03		2.676		7.173e-04		80.403
3		0.00		1.20		4.419e-03		-67.023		1.325e-03		15.353
3		0.00		0.80		9.155e-03		-50.647		2.613e-03		15.146
3		0.00		0.40		1.370e-02		-52.974		3.765e-03		10.139
3		0.00		0.00		1.844e-02		-51.621		4.532e-03		10.267
3		0.00		-0.40		2.335e-02		-51.011		4.711e-03		7.691
3		0.00		-0.80		2.801e-02		-49.779		5.757e-03		7.604
3		0.00		-1.20		3.230e-02		-51.166		7.429e-03		7.800
3		0.00		-1.60		3.593e-02		-51.693		9.011e-03		9.407
3		0.00		-2.00		4.023e-02		-52.888		9.830e-03		10.479
3		0.00		-2.40		4.568e-02		-52.757		9.522e-03		6.355
3		0.00		-2.80		5.053e-02		-53.844		8.839e-03		5.859
3		0.00		-3.20		5.278e-02		-51.946		8.928e-03		5.635
3		0.00		-3.60		5.524e-02		-52.813		1.296e-02		11.960
3		0.00		-4.00		5.888e-02		-53.292		1.474e-02		13.886
3		0.00		-4.40		6.070e-02		-50.948		1.620e-02		8.665
3		0.00		-4.80		6.239e-02		-50.147		1.373e-02		7.398
3		0.00		-5.20		6.439e-02		-44.134		1.361e-02		12.194
3		0.00		-5.60		6.275e-02		-43.537		1.541e-02		16.659
3		0.00		-6.00		6.372e-02		-40.220		1.832e-02		15.639
3		0.00		-6.40		6.205e-02		-38.237		1.762e-02		18.060
3		0.00		-6.80		6.108e-02		-39.929		1.745e-02		21.493
3		0.00		-7.20		6.313e-02		-42.487		1.799e-02		24.105
3		0.00		-7.60		6.854e-02		-47.172		1.833e-02		25.628
3		0.00		-8.00		6.521e-02		-35.393		1.846e-02		22.860
3		0.00		-8.40		6.559e-02		-38.937		2.063e-02		22.585
3		0.00		-8.80		6.316e-02		-33.419		2.039e-02		18.009
3		0.00		-9.20		6.216e-02		-40.242		1.855e-02		25.188
3		0.00		-9.60		6.077e-02		-41.656		1.812e-02		12.437
3		0.00		-10.00		5.710e-02		-40.998		1.404e-02		7.277
3		0.00		-9.60		6.149e-02		-40.790		1.738e-02		13.202
3		0.00		-9.20		6.036e-02		-37.693		1.672e-02		16.103
3		0.00		-8.80		6.151e-02		-37.365		1.849e-02		18.761
3		0.00		-8.40		6.514e-02		-43.152		1.943e-02		18.005
3		0.00		-8.00		6.167e-02		-41.407		1.505e-02		11.214
3		0.00		-7.60		6.267e-02		-41.903		1.366e-02		11.456
3		0.00		-7.20		6.473e-02		-43.666		1.386e-02		8.833
3		0.00		-6.80		6.152e-02		-48.957		1.506e-02		12.692
3		0.00		-6.40		5.908e-02		-47.965		1.539e-02		10.201
3		0.00		-6.00		5.558e-02		-49.089		1.513e-02		12.479
3		0.00		-5.60		5.355e-02		-50.323		1.412e-02		9.911
3		0.00		-5.20		5.014e-02		-50.432		1.199e-02		5.722
3		0.00		-4.80		4.646e-02		-49.376		1.001e-02		5.802
3		0.00		-4.40		4.123e-02		-50.995		8.923e-03		5.327
3		0.00		-4.00		3.650e-02		-51.036		8.780e-03		7.669
3		0.00		-3.60		3.197e-02		-51.107		8.527e-03		10.769
3		0.00		-3.20		2.780e-02		-50.273		7.673e-03		10.308
3		0.00		-2.80		2.445e-02		-51.934		6.625e-03		8.919
3		0.00		-2.40		2.075e-02		-48.544		4.772e-03		9.466
3		0.00		-2.00		1.661e-02		-46.268		3.436e-03		9.166
3		0.00		-1.60		1.181e-02		-44.487		2.391e-03		11.180
3		0.00		-1.20		7.863e-03		-43.860		2.026e-03		15.288
3		0.00		-0.80		3.515e-03		-44.000		1.228e-03		26.622
3		0.00		-0.40		1.846e-03		34.941		7.198e-04		65.817
4		0.00		0.00		5.245e-03		124.210		1.609e-03		25.092
4		0.00		0.40		9.529e-03		123.642		2.085e-03		9.872
4		0.00		0.80		1.378e-02		128.250		2.868e-03		8.974
4		0.00		1.20		1.777e-02		129.582		3.783e-03		7.446
4		0.00		1.60		2.165e-02		129.895		5.040e-03		8.583
4		0.00		2.00		2.530e-02		127.231		6.524e-03		16.444
4		0.00		2.40		2.947e-02		129.154		7.286e-03		10.650
4		0.00		2.80		3.292e-02		128.912		7.665e-03		6.453
4		0.00		3.20		3.672e-02		130.209		7.522e-03		5.851
4		0.00		3.60		3.879e-02		131.024		8.536e-03		5.583
4		0.00		4.00		4.096e-02		130.708		1.067e-02		7.896
4		0.00		4.40		4.303e-02		130.746		1.281e-02		11.970
4		0.00		4.80		4.586e-02		128.549		1.392e-02		16.337
4		0.00		5.20		4.934e-02		129.856		1.411e-02		7.318
4		0.00		5.60		5.180e-02		132.572		1.266e-02		5.265
4		0.00		6.00		5.342e-02		132.134		1.333e-02		7.725
4		0.00		6.40		5.502e-02		130.965		1.611e-02		12.818
4		0.00		6.80		5.688e-02		127.916		1.802e-02		24.216
4		0.00		7.20		5.749e-02		129.961		1.782e-02		16.687
4		0.00		7.60		6.165e-02		131.822		1.778e-02		13.219
4		0.00		8.00		6.206e-02		137.322		1.521e-02		10.658
4		0.00		8.40		6.429e-02		132.739		1.724e-02		22.598
4		0.00		8.80		6.209e-02		130.058		1.903e-02		39.075
4		0.00		9.20		5.980e-02		122.789		1.996e-02		46.142
4		0.00		9.60		6.215e-02		126.906		2.062e-02		33.027
4		0.00		10.00		6.360e-02		129.967		1.973e-02		33.262
4		0.00		9.60		6.212e-02		125.181		1.690e-02		26.278
4		0.00		9.20		6.734e-02		131.157		1.931e-02		21.880
4		0.00		8.80		6.199e-02		131.046		1.913e-02		23.343
4		0.00		8.40		5.937e-02		128.655		1.860e-02		27.411
4		0.00		8.00		5.722e-02		131.564		1.781e-02		11.978
4		0.00		7.60		5.608e-02		134.848		1.528e-02		7.687
4		0.00		7.20		5.375e-02		132.475		1.415e-02		9.171
4		0.00		6.80		5.080e-02		130.615		1.500e-02		12.207
4		0.00		6.40		4.702e-02		130.838		1.466e-02		15.590
4		0.00		6.00		4.438e-02		129.726		1.341e-02		16.766
4		0.00		5.60		4.250e-02		130.921		1.176e-02		7.213
4		0.00		5.20		3.915e-02		132.225		8.786e-03		5.293
4		0.00		4.80		3.489e-02		132.332		7.947e-03		6.658
4		0.00		4.40		3.058e-02		132.341		8.051e-03		10.303
4		0.00		4.00		2.671e-02		131.871		7.227e-03		13.281
4		0.00		3.60		2.312e-02		131.050		5.678e-03		7.633
4		0.00		3.20		1.861e-02		131.987		3.973e-03		8.285
4		0.00		2.80		1.487e-02		133.117		2.775e-03		9.565
4		0.00		2.40		1.025e-02		133.099		2.165e-03		11.303
4		0.00		2.00		5.661e-03		123.537		1.589e-03		31.932
4		0.00		1.60		2.156e-03		54.611		8.517e-04		67.886
4		0.00		1.20		3.648e-03		-63.602		1.122e-03		22.822
4		0.00		0.80		8.754e-03		-49.893		1.811e-03		11.153
4		0.00		0.40		1.319e-02		-48.440		2.629e-03		10.475
4		0.00		0.00		1.764e-02		-48.193		3.775e-03		8.329
4		0.00		-0.40		2.207e-02		-48.173		5.303e-03		9.738
4		0.00		-0.80		2.621e-02		-51.699		6.691e-03		9.660
4		0.00		-1.20		3.133e-02		-51.828		6.371e-03		6.352
4		0.00		-1.60		3.580e-02		-51.735		6.786e-03		6.165
4		0.00		-2.00		3.881e-02		-50.865		8.111e-03		6.801
4		0.00		-2.40		4.253e-02		-51.903		1.054e-02		8.279
4		0.00		-2.80		4.648e-02		-53.547		1.242e-02		11.773
4		0.00		-3.20		5.119e-02		-53.405		1.243e-02		5.844
4		0.00		-3.60		5.447e-02		-53.136		1.076e-02		5.940
4		0.00		-4.00		5.715e-02		-53.933		1.299e-02		9.002
4		0.00		-4.40		5.863e-02		-52.428		1.538e-02		12.246
4		0.00		-4.80		5.975e-02		-50.345		1.674e-02		14.641
4		0.00		-5.20		6.200e-02		-48.310		1.653e-02		9.246
4		0.00		-5.60		6.401e-02		-44.325		1.478e-02		14.104
4		0.00		-6.00		6.935e-02		-48.148		1.727e-02		15.506
4		0.00		-6.40		6.430e-02		-36.801		1.794e-02		15.598
4		0.00		-6.80		6.132e-02		-40.738		1.602e-02		16.755
4		0.00		-7.20		6.561e-02		-38.102		1.746e-02		18.283
4		0.00		-7.60		6.559e-02		-34.155		1.885e-02		20.982
4		0.00		-8.00		6.691e-02		-33.468		1.836e-02		21.984
4		0.00		-8.40		6.774e-02		-37.863		2.128e-02		22.666
4		0.00		-8.80		6.413e-02		-43.482		2.095e-02		21.904
4		0.00		-9.20		5.975e-02		-41.837		2.050e-02		27.880
4		0.00		-9.60		6.173e-02		-44.417		1.889e-02		12.429
4		0.00		-10.00		5.557e-02		-40.590		1.438e-02		8.480
4		0.00		-9.60		5.762e-02		-39.339		1.821e-02		12.225
4		0.00		-9.20		5.748e-02		-39.385		1.934e-02		20.165
4		0.00		-8.80		5.949e-02		-37.725		1.798e-02		19.191
4		0.00		-8.40		6.601e-02		-41.832		1.759e-02		11.372
4		0.00		-8.00		6.540e-02		-42.144		1.573e-02		12.095
4		0.00		-7.60		6.361e-02		-42.087		1.764e-02		10.104
4		0.00		-7.20		6.102e-02		-47.432		1.953e-02		20.029
4		0.00		-6.80		6.014e-02		-46.958		1.688e-02		11.663
4		0.00		-6.40		5.997e-02		-48.223		1.263e-02		6.612
4		0.00		-6.00		5.731e-02		-48.353		1.081e-02		7.166
4		0.00		-5.60		5.454e-02		-49.168		1.176e-02		9.142
4		0.00		-5.20		5.069e-02		-50.116		1.243e-02		8.544
4		0.00		-4.80		4.647e-02		-50.821		1.152e-02		7.614
4		0.00		-4.40		4.288e-02		-52.049		8.597e-03		5.276
4		0.00		-4.00		3.873e-02		-50.514		7.038e-03		5.806
4		0.00		-3.60		3.423e-02		-49.651		6.508e-03		7.416
4		0.00		-3.20		2.990e-02		-51.047		6.430e-03		8.015
4		0.00		-2.80		2.602e-02		-47.864		5.727e-03		7.847
4		0.00		-2.40		2.184e-02		-48.238		3.661e-03		8.291
4		0.00		-2.00		1.724e-02		-50.840		3.018e-03		8.398
4		0.00		-1.60		1.250e-02		-43.523		2.656e-03		10.630
4		0.00		-1.20		8.199e-03		-43.387		2.175e-03		11.873
4		0.00		-0.80		3.847e-03		-38.169		1.376e-03		28.070
4		0.00		-0.40		1.715e-03		43.489		5.292e-04		59.053
5		0.00		0.00		5.128e-03		128.376		1.448e-03		17.416
5		0.00		0.40		9.464e-03		127.010		2.139e-03		14.362
5		0.00		0.80		1.319e-02		126.141		3.459e-03		13.997
5		0.00		1.20		1.767e-02		127.911		3.914e-03		9.139
5		0.00		1.60		2.194e-02		128.710		4.043e-03		6.832
5		0.00		2.00		2.656e-02		131.403		4.711e-03		6.809
5		0.00		2.40		3.007e-02		131.029		6.815e-03		8.625
5		0.00		2.80		3.373e-02		130.290		8.356e-03		12.163
5		0.00		3.20		3.744e-02		131.078		8.141e-03		6.184
5		0.00		3.60		4.163e-02		131.058		7.597e-03		4.349
5		0.00		4.00		4.439e-02		131.787		8.540e-03		5.267
5		0.00		4.40		4.660e-02		131.441		1.151e-02		8.135
5		0.00		4.80		4.886e-02		129.775		1.273e-02		11.582
5		0.00		5.20		5.297e-02		131.420		1.136e-02		5.710
5		0.00		5.60		5.481e-02		132.500		1.070e-02		5.413
5		0.00		6.00		5.588e-02		131.602		1.248e-02		9.061
5		0.00		6.40		5.651e-02		134.153		1.491e-02		9.583
5		0.00		6.80		5.926e-02		128.721		1.746e-02		22.371
5		0.00		7.20		5.958e-02		134.726		1.552e-02		8.420
5		0.00		7.60		5.899e-02		130.396		1.563e-02		23.199
5		0.00		8.00		6.149e-02		133.397		1.635e-02		14.570
5		0.00		8.40		5.927e-02		129.941		1.952e-02		27.961
5		0.00		8.80		6.106e-02		116.224		1.980e-02		53.706
5		0.00		9.20		6.639e-02		133.310		1.992e-02		17.072
5		0.00		9.60		6.178e-02		124.307		1.650e-02		34.779
5		0.00		10.00		6.106e-02		125.789		2.085e-02		33.378
5		0.00		9.60		5.946e-02		126.019		1.982e-02		41.321
5		0.00		9.20		6.004e-02		130.776		1.936e-02		29.447
5		0.00		8.80		6.293e-02		136.743		1.622e-02		10.971
5		0.00		8.40		6.449e-02		134.920		1.504e-02		17.651
5		0.00		8.00		6.057e-02		135.251		1.429e-02		12.007
5		0.00		7.60		5.802e-02		134.229		1.549e-02		9.183
5		0.00		7.20		5.776e-02		131.045		1.529e-02		13.387
5		0.00		6.80		5.543e-02		131.890		1.434e-02		6.171
5		0.00		6.40		5.297e-02		132.076		1.162e-02		5.951
5		0.00		6.00		4.887e-02		132.581		9.702e-03		5.737
5		0.00		5.60		4.484e-02		132.099		1.006e-02		7.313
5		0.00		5.20		4.031e-02		131.745		1.002e-02		13.311
5		0.00		4.80		3.698e-02		130.846		8.953e-03		9.748
5		0.00		4.40		3.324e-02		132.222		7.425e-03		7.824
5		0.00		4.00		2.894e-02		132.362		5.447e-03		5.466
5		0.00		3.60		2.475e-02		133.473		5.373e-03		7.791
5		0.00		3.20		2.042e-02		131.837		5.350e-03		11.126
5		0.00		2.80		1.598e-02		128.821		4.360e-03		13.674
5		0.00		2.40		1.132e-02		129.154		2.694e-03		10.080
5		0.00		2.00		7.041e-03		128.300		1.785e-03		11.133
5		0.00		1.60		2.880e-03		105.268		1.075e-03		64.064
5		0.00		1.20		2.987e-03		-42.330		1.314e-03		42.204
5		0.00		0.80		6.702e-03		-55.180		2.150e-03		20.579
5		0.00		0.40		1.126e-02		-50.518		2.888e-03		11.755
5		0.00		0.00		1.615e-02		-50.821		3.277e-03		7.753
5		0.00		-0.40		2.127e-02		-52.395		3.329e-03		6.913
5		0.00		-0.80		2.538e-02		-48.909		4.690e-03		6.211
5		0.00		-1.20		2.978e-02		-49.136		6.514e-03		7.967
5		0.00		-1.60		3.367e-02		-52.984		8.006e-03		9.247
5		0.00		-2.00		3.816e-02		-52.618		8.214e-03		6.339
5		0.00		-2.40		4.301e-02		-52.372		7.769e-03		4.405
5		0.00		-2.80		4.673e-02		-51.122		8.718e-03		4.621
5		0.00		-3.20		4.968e-02		-52.600		1.171e-02		8.569
5		0.00		-3.60		5.326e-02		-52.822		1.338e-02		8.162
5		0.00		-4.00		5.623e-02		-53.788		1.502e-02		7.087
5		0.00		-4.40		5.940e-02		-51.562		1.317e-02		6.365
5		0.00		-4.80		6.038e-02		-50.310		1.324e-02		9.063
5		0.00		-5.20		6.109e-02		-48.036		1.564e-02		12.025
5		0.00		-5.60		5.984e-02		-45.999		1.815e-02		18.738
5		0.00		-6.00		6.024e-02		-42.582		1.823e-02		20.120
5		0.00		-6.40		6.439e-02		-46.126		1.891e-02		15.251
5		0.00		-6.80		6.539e-02		-41.656		1.794e-02		17.715
5		0.00		-7.20		6.505e-02		-33.895		1.670e-02		19.049
5		0.00		-7.60		6.116e-02		-38.197		1.973e-02		27.191
5		0.00		-8.00		6.312e-02		-45.622		2.290e-02		24.523
5		0.00		-8.40		6.357e-02		-38.137		2.068e-02		22.161
5		0.00		-8.80		6.562e-02		-42.200		1.904e-02		19.995
5		0.00		-9.20		6.444e-02		-35.135		1.765e-02		14.745
5		0.00		-9.60		6.137e-02		-38.658		1.541e-02		11.541
5		0.00		-10.00		5.607e-02		-44.485		1.664e-02		13.048
5		0.00		-9.60		5.971e-02		-42.498		1.909e-02		15.668
5		0.00		-9.20		5.956e-02		-42.941		1.775e-02		21.446
5		0.00		-8.80		6.338e-02		-39.779		1.645e-02		14.447
5		0.00		-8.40		6.893e-02		-43.868		1.641e-02		9.753
5		0.00		-8.00		6.605e-02		-41.331		1.485e-02		12.005
5		0.00		-7.60		6.428e-02		-45.732		1.622e-02		11.459
5		0.00		-7.20		6.225e-02		-47.150		1.809e-02		14.887
5		0.00		-6.80		6.051e-02		-46.387		1.798e-02		16.477
5		0.00		-6.40		5.811e-02		-47.818		1.645e-02		7.987
5		0.00		-6.00		5.707e-02		-48.995		1.350e-02		6.025
5		0.00		-5.60		5.263e-02		-49.015		1.045e-02		5.310
5		0.00		-5.20		4.863e-02		-49.027		9.992e-03		4.745
5		0.00		-4.80		4.464e-02		-50.328		1.067e-02		7.194
5		0.00		-4.40		4.050e-02		-50.280		1.036e-02		8.642
5		0.00		-4.00		3.579e-02		-51.583		9.409e-03		10.258
5		0.00		-3.60		3.222e-02		-51.165		7.791e-03		7.438
5		0.00		-3.20		2.910e-02		-50.633		5.604e-03		6.504
5		0.00		-2.80		2.509e-02		-51.253		4.526e-03		7.273
5		0.00		-2.40		2.078e-02		-46.088		3.858e-03		7.903
5		0.00		-2.00		1.675e-02		-45.406		3.459e-03		8.519
5		0.00		-1.60		1.235e-02		-47.669		2.776e-03		11.174
5		0.00		-1.20		8.008e-03		-43.617		2.032e-03		14.752
5		0.00		-0.80		3.734e-03		-38.893		1.264e-03		27.643
5		0.00		-0.40		1.977e-03		65.717		7.848e-04		58.013
6		0.00		0.00		5.807e-03		121.870		1.481e-03		15.968
6		0.00		0.40		1.000e-02		127.508		1.958e-03		12.828
6		0.00		0.80		1.402e-02		128.077		2.766e-03		9.911
6		0.00		1.20		1.792e-02		129.720		3.883e-03		10.408
6		0.00		1.60		2.147e-02		129.916		5.656e-03		13.360
6		0.00		2.00		2.522e-02		127.518		6.790e-03		11.218
6		0.00		2.40		2.918e-02		129.936		6.944e-03		7.069
6		0.00		2.80		3.330e-02		131.482		7.165e-03		5.652
6		0.00		3.20		3.654e-02		130.154		7.539e-03		5.683
6		0.00		3.60		3.873e-02		130.964		8.844e-03		5.601
6		0.00		4.00		4.111e-02		130.053		1.103e-02		8.983
6		0.00		4.40		4.370e-02		131.191		1.252e-02		12.135
6		0.00		4.80		4.686e-02		128.757		1.359e-02		16.499
6		0.00		5.20		4.990e-02		129.843		1.364e-02		8.660
6		0.00		5.60		5.412e-02		130.751		1.269e-02		5.518
6		0.00		6.00		5.750e-02		132.067		1.188e-02		4.821
6		0.00		6.40		5.816e-02		133.061		1.194e-02		7.839
6		0.00		6.80		5.919e-02		131.030		1.555e-02		13.214
6		0.00		7.20		6.006e-02		125.801		1.802e-02		34.133
6		0.00		7.60		6.116e-02		131.409		1.745e-02		23.779
6		0.00		8.00		6.193e-02		135.261		1.671e-02		15.788
6		0.00		8.40		6.378e-02		136.205		1.609e-02		10.551
6		0.00		8.80		6.462e-02		130.409		1.557e-02		39.106
6		0.00		9.20		6.516e-02		132.041		1.672e-02		35.907
6		0.00		9.60		6.393e-02		131.117		1.769e-02		29.402
6		0.00		10.00		6.065e-02		128.629		1.962e-02		32.075
6		0.00		9.60		6.073e-02		128.221		2.069e-02		30.452
6		0.00		9.20		5.939e-02		135.836		1.785e-02		20.957
6		0.00		8.80		6.125e-02		131.192		1.882e-02		23.121
6		0.00		8.40		6.023e-02		136.057		1.562e-02		9.427
6		0.00		8.00		6.030e-02		135.376		1.470e-02		8.902
6		0.00		7.60		5.744e-02		132.055		1.465e-02		11.764
6		0.00		7.20		5.582e-02		129.215		1.567e-02		11.776
6		0.00		6.80		5.257e-02		131.532		1.520e-02		10.481
6		0.00		6.40		4.893e-02		130.548		1.459e-02		15.185
6		0.00		6.00		4.743e-02		131.337		1.244e-02		10.960
6		0.00		5.60		4.443e-02		131.772		1.048e-02		6.129
6		0.00		5.20		4.113e-02		131.942		8.586e-03		5.611
6		0.00		4.80		3.715e-02		133.012		7.187e-03		5.782
6		0.00		4.40		3.317e-02		133.422		6.486e-03		5.535
6		0.00		4.00		2.911e-02		133.679		6.410e-03		7.783
6		0.00		3.60		2.498e-02		132.237		5.669e-03		12.469
6		0.00		3.20		2.019e-02		133.083		5.097e-03		12.907
6		0.00		2.80		1.581e-02		129.710		4.069e-03		10.142
6		0.00		2.40		1.166e-02		130.771		2.464e-03		10.191
6		0.00		2.00		7.485e-03		130.841		1.704e-03		13.668
6		0.00		1.60		3.307e-03		106.209		1.031e-03		42.052
6		0.00		1.20		2.521e-03		-52.747		9.966e-04		38.976
6		0.00		0.80		6.604e-03		-51.486		1.852e-03		14.950
6		0.00		0.40		1.089e-02		-45.041		2.969e-03		12.495
6		0.00		0.00		1.510e-02		-48.687		4.309e-03		10.519
6		0.00		-0.40		1.993e-02		-50.941		5.171e-03		8.743
6		0.00		-0.80		2.422e-02		-50.758		5.334e-03		7.730
6		0.00		-1.20		2.871e-02		-51.779		5.849e-03		6.773
6		0.00		-1.60		3.239e-02		-51.096		6.844e-03		7.428
6		0.00		-2.00		3.677e-02		-52.328		8.185e-03		7.787
6		0.00		-2.40		4.040e-02		-51.387		9.590e-03		10.368
6		0.00		-2.80		4.479e-02		-51.068		1.078e-02		11.226
6		0.00		-3.20		4.850e-02		-52.721		1.167e-02		8.222
6		0.00		-3.60		5.320e-02		-52.629		1.110e-02		4.941
6		0.00		-4.00		5.720e-02		-53.022		1.093e-02		5.619
6		0.00		-4.40		5.930e-02		-50.961		1.147e-02		7.848
6		0.00		-4.80		6.037e-02		-53.577		1.525e-02		14.586
6		0.00		-5.20		6.156e-02		-48.287		1.618e-02		13.756
6		0.00		-5.60		6.190e-02		-47.224		1.602e-02		14.715
6		0.00		-6.00		6.282e-02		-44.690		1.732e-02		12.280
6		0.00		-6.40		6.296e-02		-42.497		1.500e-02		12.477
6		0.00		-6.80		6.564e-02		-40.353		1.590e-02		15.486
6		0.00		-7.20		6.281e-02		-42.186		1.595e-02		22.639
6		0.00		-7.60		6.516e-02		-42.429		1.859e-02		23.498
6		0.00		-8.00		6.386e-02		-34.779		2.081e-02		21.898
6		0.00		-8.40		6.204e-02		-38.918		1.952e-02		22.783
6		0.00		-8.80		6.330e-02		-35.387		1.978e-02		20.806
6		0.00		-9.20		6.268e-02		-38.594		1.762e-02		15.334
6		0.00		-9.60		6.028e-02		-40.264		1.738e-02		11.141
6		0.00		-10.00		5.550e-02		-42.991		1.517e-02		9.072
6		0.00		-9.60		5.961e-02		-42.581		1.822e-02		11.900
6		0.00		-9.20		6.095e-02		-40.873		1.901e-02		17.761
6		0.00		-8.80		6.101e-02		-38.053		1.745e-02		22.333
6		0.00		-8.40		6.549e-02		-42.938		1.762e-02		14.167
6		0.00		-8.00		6.580e-02		-43.071		1.527e-02		12.054
6		0.00		-7.60		6.747e-02		-44.277		1.550e-02		14.028
6		0.00		-7.20		6.334e-02		-46.688		1.494e-02		12.990
6		0.00		-6.80		6.136e-02		-45.226		1.500e-02		9.692
6		0.00		-6.40		5.837e-02		-48.356		1.605e-02		12.953
6		0.00		-6.00		5.774e-02		-47.794		1.544e-02		14.412
6		0.00		-5.60		5.389e-02		-49.998		1.285e-02		5.895
6		0.00		-5.20		4.992e-02		-49.928		1.020e-02		5.481
6		0.00		-4.80		4.552e-02		-49.882		9.014e-03		4.325
6		0.00		-4.40		4.119e-02		-51.004		9.211e-03		6.580
6		0.00		-4.00		3.624e-02		-51.234		9.348e-03		8.916
6		0.00		-3.60		3.191e-02		-53.870		8.637e-03		12.976
6		0.00		-3.20		2.758e-02		-49.736		7.309e-03		7.137
6		0.00		-2.80		2.422e-02		-50.220		5.374e-03		6.663
6		0.00		-2.40		1.994e-02		-49.493		4.042e-03		7.500
6		0.00		-2.00		1.590e-02		-48.753		3.421e-03		9.845
6		0.00		-1.60		1.172e-02		-48.693		2.851e-03		11.260
6		0.00		-1.20		7.316e-03		-43.366		2.177e-03		15.678
6		0.00		-0.80		3.426e-03		-59.322		1.126e-03		31.175
6		0.00		-0.40		1.969e-03		52.657		7.264e-04		60.068
7		0.00		0.00		5.442e-03		119.205		1.678e-03		27.407
7		0.00		0.40		9.698e-03		123.545		2.027e-03		10.484
7		0.00		0.80		1.415e-02		126.972		2.595e-03		9.705
7		0.00		1.20		1.791e-02		130.471		3.659e-03		10.702
7		0.00		1.60		2.218e-02		128.886		5.087e-03		11.220
7		0.00		2.00		2.624e-02		128.814		6.013e-03		10.483
7		0.00		2.40		3.048e-02		130.660		7.143e-03		7.968
7		0.00		2.80		3.451e-02		129.742		7.049e-03		6.559
7		0.00		3.20		3.782e-02		131.133		6.852e-03		5.735
7		0.00		3.60		4.075e-02		131.628		7.879e-03		5.377
7		0.00		4.00		4.334e-02		132.028		8.772e-03		5.289
7		0.00		4.40		4.571e-02		131.861		1.092e-02		8.143
7		0.00		4.80		4.748e-02		131.323		1.258e-02		10.946
7		0.00		5.20		4.992e-02		128.996		1.406e-02		15.276
7		0.00		5.60		5.299e-02		130.090		1.402e-02		6.879
7		0.00		6.00		5.548e-02		133.131		1.280e-02		6.603
7		0.00		6.40		5.698e-02		129.388		1.284e-02		32.865
7		0.00		6.80		5.875e-02		132.162		1.425e-02		10.658
7		0.00		7.20		5.977e-02		132.747		1.618e-02		20.396
7		0.00		7.60		6.013e-02		131.119		1.779e-02		25.328
7		0.00		8.00		6.163e-02		133.592		1.727e-02		22.436
7		0.00		8.40		6.165e-02		133.247		1.624e-02		27.602
7		0.00		8.80		6.609e-02		135.257		1.674e-02		20.693
7		0.00		9.20		6.558e-02		127.276		1.665e-02		43.010
7		0.00		9.60		6.749e-02		135.376		1.652e-02		25.773
7		0.00		10.00		6.425e-02		134.952		1.918e-02		18.615
7		0.00		9.60		6.454e-02		125.639		2.032e-02		34.516
7		0.00		9.20		5.956e-02		129.181		1.890e-02		29.142
7		0.00		8.80		5.955e-02		133.622		1.703e-02		19.253
7		0.00		8.40		6.069e-02		132.103		1.760e-02		18.185
7		0.00		8.00		6.101e-02		133.297		1.682e-02		8.321
7		0.00		7.60		5.976e-02		133.729		1.475e-02		6.676
7		0.00		7.20		5.490e-02		133.145		1.308e-02		8.039
7		0.00		6.80		5.295e-02		131.675		1.349e-02		7.833
7		0.00		6.40		4.885e-02		130.547		1.403e-02		10.257
7		0.00		6.00		4.495e-02		130.780		1.337e-02		11.503
7		0.00		5.60		4.226e-02		129.535		1.232e-02		14.849
7		0.00		5.20		3.866e-02		128.711		1.129e-02		15.105
7		0.00		4.80		3.536e-02		130.906		9.375e-03		7.982
7		0.00		4.40		3.217e-02		133.041		7.443e-03		6.730
7		0.00		4.00		2.826e-02		132.952		5.655e-03		6.170
7		0.00		3.60		2.456e-02		133.027		4.456e-03		6.142
7		0.00		3.20		2.001e-02		132.602		4.052e-03		8.353
7		0.00		2.80		1.585e-02		133.289		3.499e-03		10.119
7		0.00		2.40		1.118e-02		131.160		2.815e-03		16.931
7		0.00		2.00		7.083e-03		131.874		1.882e-03		23.393
7		0.00		1.60		3.046e-03		100.288		1.183e-03		46.188
7		0.00		1.20		2.257e-03		-18.561		9.635e-04		44.465
7		0.00		0.80		6.368e-03		-57.648		1.598e-03		13.976
7		0.00		0.40		1.103e-02		-49.384		2.171e-03		13.224
7		0.00		0.00		1.541e-02		-49.268		2.786e-03		9.313
7		0.00		-0.40		2.020e-02		-48.144		3.569e-03		8.830
7		0.00		-0.80		2.431e-02		-50.419		4.568e-03		8.207
7		0.00		-1.20		2.862e-02		-51.079		6.584e-03		7.696
7		0.00		-1.60		3.233e-02		-51.058		8.163e-03		10.298
7		0.00		-2.00		3.653e-02		-53.023		9.411e-03		8.807
7		0.00		-2.40		4.078e-02		-53.588		1.078e-02		8.206
7		0.00		-2.80		4.544e-02		-53.503		1.070e-02		6.713
7		0.00		-3.20		4.977e-02		-52.822		9.997e-03		4.998
7		0.00		-3.60		5.307e-02		-54.063		1.006e-02		5.956
7		0.00		-4.00		5.539e-02		-51.799		1.020e-02		5.561
7		0.00		-4.40		5.898e-02		-53.028		1.303e-02		9.567
7		0.00		-4.80		6.086e-02		-50.705		1.445e-02		8.678
7		0.00		-5.20		5.908e-02		-47.801		1.543e-02		10.360
7		0.00		-5.60		6.117e-02		-44.599		1.539e-02		9.043
7		0.00		-6.00		6.303e-02		-45.544		1.554e-02		10.755
7		0.00		-6.40		6.440e-02		-43.524		1.614e-02		11.855
7		0.00		-6.80		6.512e-02		-43.169		1.630e-02		15.889
7		0.00		-7.20		6.726e-02		-42.733		1.596e-02		16.618
7		0.00		-7.60		6.946e-02		-40.633		1.587e-02		16.228
7		0.00		-8.00		6.689e-02		-38.542		1.673e-02		19.291
7		0.00		-8.40		6.328e-02		-40.152		2.015e-02		26.769
7		0.00		-8.80		6.002e-02		-42.990		2.096e-02		28.374
7		0.00		-9.20		5.905e-02		-33.779		2.098e-02		19.357
7		0.00		-9.60		5.692e-02		-38.535		1.986e-02		17.260
7		0.00		-10.00		5.502e-02		-36.850		1.925e-02		20.638
7		0.00		-9.60		5.865e-02		-44.719		1.928e-02		18.429
7		0.00		-9.20		5.947e-02		-40.056		1.853e-02		18.692
7		0.00		-8.80		6.229e-02		-41.935		1.761e-02		12.254
7		0.00		-8.40		6.296e-02		-39.135		1.564e-02		12.243
7		0.00		-8.00		6.644e-02		-43.912		1.591e-02		12.194
7		0.00		-7.60		6.527e-02		-46.172		1.391e-02		9.234
7		0.00		-7.20		6.476e-02		-46.623		1.407e-02		10.718
7		0.00		-6.80		6.290e-02		-47.498		1.465e-02		9.671
7		0.00		-6.40		5.927e-02		-49.004		1.499e-02		10.725
7		0.00		-6.00		5.603e-02		-49.464		1.406e-02		13.291
7		0.00		-5.60		5.247e-02		-49.276		1.288e-02		11.024
7		0.00		-5.20		4.970e-02		-49.238		1.202e-02		11.673
7		0.00		-4.80		4.518e-02		-50.568		1.091e-02		10.922
7		0.00		-4.40		4.139e-02		-52.477		9.928e-03		7.894
7		0.00		-4.00		3.737e-02		-52.486		8.078e-03		6.295
7		0.00		-3.60		3.280e-02		-50.961		6.793e-03		6.270
7		0.00		-3.20		2.932e-02		-51.507		5.355e-03		5.584
7		0.00		-2.80		2.444e-02		-48.904		4.383e-03		7.428
7		0.00		-2.40		2.102e-02		-48.248		3.731e-03		7.288
7		0.00		-2.00		1.706e-02		-47.431		3.322e-03		8.951
7		0.00		-1.60		1.222e-02		-46.433		2.587e-03		12.210
7		0.00		-1.20		8.039e-03		-45.537		2.015e-03		13.401
7		0.00		-0.80		4.266e-03		-40.041		1.348e-03		21.770
7		0.00		-0.40		1.716e-03		19.368		6.036e-04		72.307
8		0.00		0.00		4.806e-03		119.704		1.520e-03		19.381
8		0.00		0.40		8.820e-03		127.961		2.038e-03		9.536
8		0.00		0.80		1.325e-02		126.721		2.473e-03		8.681
8		0.00		1.20		1.776e-02		129.613		3.312e-03		6.907
8		0.00		1.60		2.176e-02		130.416		3.604e-03		6.637
8		0.00		2.00		2.532e-02		131.442		5.090e-03		6.399
8		0.00		2.40		2.916e-02		131.170		6.300e-03		7.943
8		0.00		2.80		3.236e-02		132.417		7.821e-03		9.780
8		0.00		3.20		3.594e-02		131.227		8.697e-03		10.112
8		0.00		3.60		3.939e-02		130.099		9.830e-03		10.404
8		0.00		4.00		4.256e-02		130.985		9.854e-03		5.975
8		0.00		4.40		4.589e-02		131.222		9.819e-03		5.249
8		0.00		4.80		4.837e-02		132.151		1.023e-02		4.989
8		0.00		5.20		5.080e-02		131.837		1.134e-02		4.926
8		0.00		5.60		5.225e-02		131.684		1.364e-02		6.357
8		0.00		6.00		5.354e-02		129.436		1.603e-02		12.303
8		0.00		6.40		5.534e-02		132.012		1.682e-02		11.612
8		0.00		6.80		5.782e-02		129.509		1.761e-02		15.039
8		0.00		7.20		5.903e-02		130.126		1.773e-02		14.400
8		0.00		7.60		6.224e-02		133.252		1.764e-02		8.201
8		0.00		8.00		6.474e-02		135.198		1.662e-02		9.095
8		0.00		8.40		6.364e-02		134.491		1.600e-02		33.405
8		0.00		8.80		6.632e-02		132.403		1.697e-02		17.135
8		0.00		9.20		6.533e-02		137.078		1.843e-02		17.787
8		0.00		9.60		6.466e-02		130.396		2.072e-02		20.299
8		0.00		10.00		5.923e-02		134.535		1.862e-02		30.387
8		0.00		9.60		6.198e-02		125.998		1.962e-02		40.404
8		0.00		9.20		6.168e-02		131.072		1.741e-02		31.570
8		0.00		8.80		6.524e-02		136.294		1.620e-02		9.361
8		0.00		8.40		6.396e-02		135.836		1.411e-02		7.278
8		0.00		8.00		6.228e-02		134.623		1.359e-02		9.303
8		0.00		7.60		5.970e-02		132.649		1.519e-02		10.836
8		0.00		7.20		5.539e-02		131.918		1.563e-02		10.393
8		0.00		6.80		5.238e-02		131.543		1.562e-02		10.042
8		0.00		6.40		4.908e-02		129.317		1.423e-02		16.994
8		0.00		6.00		4.636e-02		130.990		1.352e-02		10.703
8		0.00		5.60		4.302e-02		130.538		1.090e-02		6.629
8		0.00		5.20		4.009e-02		132.151		8.794e-03		5.097
8		0.00		4.80		3.656e-02		133.194		7.685e-03		5.756
8		0.00		4.40		3.253e-02		133.702		6.872e-03		6.334
8		0.00		4.00		2.833e-02		133.093		6.513e-03		8.616
8		0.00		3.60		2.397e-02		132.058		5.948e-03		11.737
8		0.00		3.20		2.037e-02		131.797		5.055e-03		13.028
8		0.00		2.80		1.630e-02		132.262		3.965e-03		11.541
8		0.00		2.40		1.190e-02		136.102		2.813e-03		12.036
8		0.00		2.00		7.411e-03		130.588		1.736e-03		14.262
8		0.00		1.60		3.214e-03		112.884		1.198e-03		50.215
8		0.00		1.20		2.146e-03		-32.427		1.013e-03		46.318
8		0.00		0.80		6.283e-03		-52.981		1.638e-03		16.586
8		0.00		0.40		1.060e-02		-40.623		2.268e-03		11.066
8		0.00		0.00		1.505e-02		-49.495		3.362e-03		10.948
8		0.00		-0.40		1.940e-02		-49.034		4.598e-03		10.121
8		0.00		-0.80		2.384e-02		-49.239		5.507e-03		8.216
8		0.00		-1.20		2.844e-02		-51.126		6.176e-03		7.133
8		0.00		-1.60		3.248e-02		-52.573		6.396e-03		6.281
8		0.00		-2.00		3.642e-02		-52.477		7.107e-03		5.189
8		0.00		-2.40		3.957e-02		-50.241		8.377e-03		6.439
8		0.00		-2.80		4.216e-02		-52.264		9.836e-03		8.549
8		0.00		-3.20		4.628e-02		-51.756		1.205e-02		9.512
8		0.00		-3.60		5.036e-02		-53.444		1.379e-02		13.428
8		0.00		-4.00		5.398e-02		-55.223		1.553e-02		11.480
8		0.00		-4.40		5.706e-02		-52.561		1.468e-02		6.704
8		0.00		-4.80		6.126e-02		-51.200		1.451e-02		7.431
8		0.00		-5.20		6.437e-02		-48.838		1.349e-02		9.304
8		0.00		-5.60		6.395e-02		-48.872		1.391e-02		11.361
8		0.00		-6.00		6.449e-02		-43.023		1.465e-02		12.475
8		0.00		-6.40		6.495e-02		-43.427		1.737e-02		12.393
8		0.00		-6.80		6.208e-02		-38.396		1.685e-02		19.464
8		0.00		-7.20		6.646e-02		-40.343		1.896e-02		20.232
8		0.00		-7.60		6.338e-02		-46.375		1.841e-02		20.657
8		0.00		-8.00		6.915e-02		-37.727		1.854e-02		15.866
8		0.00		-8.40		6.877e-02		-35.268		1.700e-02		18.571
8		0.00		-8.80		6.632e-02		-37.309		1.751e-02		17.359
8		0.00		-9.20		6.318e-02		-37.480		1.807e-02		15.134
8		0.00		-9.60		6.028e-02		-40.463		1.960e-02		11.855
8		0.00		-10.00		5.471e-02		-45.192		1.802e-02		18.882
8		0.00		-9.60		5.836e-02		-42.652		1.935e-02		19.441
8		0.00		-9.20		5.956e-02		-40.049		1.809e-02		21.145
8		0.00		-8.80		6.148e-02		-41.327		1.735e-02		12.296
8		0.00		-8.40		6.498e-02		-41.293		1.531e-02		9.420
8		0.00		-8.00		6.596e-02		-42.983		1.550e-02		11.482
8		0.00		-7.60		6.493e-02		-47.441		1.515e-02		13.105
8		0.00		-7.20		6.213e-02		-45.621		1.525e-02		11.435
8		0.00		-6.80		6.175e-02		-49.363		1.585e-02		12.726
8		0.00		-6.40		5.869e-02		-48.820		1.518e-02		14.491
8		0.00		-6.00		5.609e-02		-49.618		1.435e-02		14.739
8		0.00		-5.60		5.358e-02		-49.716		1.374e-02		14.088
8		0.00		-5.20		5.047e-02		-50.338		1.203e-02		7.846
8		0.00		-4.80		4.669e-02		-51.582		9.816e-03		6.430
8		0.00		-4.40		4.220e-02		-50.473		7.583e-03		5.963
8		0.00		-4.00		3.790e-02		-51.450		6.267e-03		5.388
8		0.00		-3.60		3.376e-02		-51.084		5.811e-03		5.681
8		0.00		-3.20		2.942e-02		-51.258		5.588e-03		7.529
8		0.00		-2.80		2.474e-02		-49.996		5.507e-03		8.302
8		0.00		-2.40		2.059e-02		-48.625		5.122e-03		9.758
8		0.00		-2.00		1.585e-02		-47.107		4.426e-03		10.885
8		0.00		-1.60		1.246e-02		-48.001		3.223e-03		10.505
8		0.00		-1.20		8.131e-03		-46.650		1.840e-03		14.891
8		0.00		-0.80		3.745e-03		-47.472		1.242e-03		25.166
8		0.00		-0.40		1.846e-03		27.889		7.984e-04		73.260
